millis	A1	A2	A3	A4	L1	R1	L2	R2	S1	S2	M1	M2	up	dn	lf	rt
1182	0	0	0	0	0	0	0	0	0	0	0	0	0	0	0	0
1190	0	0	0	0	0	0	0	0	0	0	0	0	0	0	0	0
1225	0	0	0	0	0	0	0	0	0	0	0	0	0	0	0	0
1258	0	0	0	0	0	0	0	0	0	0	0	0	0	0	0	0
1292	0	0	0	0	0	0	0	0	0	0	0	0	0	0	0	0
1325	0	0	0	0	0	0	0	0	0	0	0	0	0	0	0	0
1358	0	0	0	0	0	0	0	0	0	0	0	0	0	0	0	0
1393	0	0	0	0	0	0	0	0	0	0	0	0	0	0	0	0
1426	0	0	0	0	0	0	0	0	0	0	0	0	0	0	0	0
1458	0	0	0	0	0	0	0	0	0	0	0	0	0	0	0	0
1492	0	0	0	0	0	0	0	0	0	0	0	0	0	0	0	0
1525	0	0	0	0	0	0	0	0	0	0	0	0	0	0	0	0
1556	0	0	0	0	0	0	0	0	0	0	0	0	0	0	0	0
1592	0	0	0	0	0	0	0	0	0	0	0	0	0	0	0	0
1625	0	0	0	0	0	0	0	0	0	0	0	0	0	0	0	0
1659	0	0	0	0	0	0	0	0	0	0	0	0	0	0	0	0
1692	0	0	0	0	0	0	0	0	0	0	0	0	0	0	0	0
1725	0	0	0	0	0	0	0	0	0	0	0	0	0	0	0	0
1759	0	0	0	0	0	0	0	0	0	0	0	0	0	0	0	0
1791	0	0	0	0	0	0	0	0	0	0	0	0	0	0	0	0
1827	0	0	0	0	0	0	0	0	0	0	0	0	0	0	0	0
1860	0	0	0	0	0	0	0	0	0	0	0	0	0	0	0	0
1892	0	0	0	0	0	0	0	0	0	0	0	0	0	0	0	0
1926	0	0	0	0	0	0	0	0	0	0	0	0	0	0	0	0
1958	0	0	0	0	0	0	0	0	0	0	0	0	0	0	0	0
1993	0	0	0	0	0	0	0	0	0	0	0	0	0	0	0	0
2026	0	0	0	0	0	0	0	0	0	0	0	0	0	0	0	0
2059	0	0	0	0	0	0	0	0	0	0	0	0	0	0	0	0
2092	0	0	0	0	0	0	0	0	0	0	0	0	0	0	0	0
2126	0	0	0	0	0	0	0	0	0	0	0	0	0	0	0	0
2159	0	0	0	0	0	0	0	0	0	0	0	0	0	0	0	0
2192	0	0	0	0	0	0	0	0	0	0	0	0	0	0	0	0
2225	0	0	0	0	0	0	0	0	0	0	0	0	0	0	0	0
2258	0	0	0	0	0	0	0	0	0	0	0	0	0	0	0	0
2292	0	0	0	0	0	0	0	0	0	0	0	0	0	0	0	0
2325	0	0	0	0	0	0	0	0	0	0	0	0	0	0	0	0
2361	0	0	0	0	0	0	0	0	0	0	0	0	0	0	0	0
2392	0	0	0	0	0	0	1	0	0	0	0	0	0	0	0	0
2425	0	0	0	0	0	0	1	0	0	0	0	0	0	0	0	0
2458	0	0	0	0	0	0	1	0	0	0	0	0	0	0	0	0
2491	0	0	0	0	0	0	0	0	0	0	0	0	0	0	0	0
2524	0	0	0	0	0	0	0	0	0	0	0	0	0	0	0	0
2559	0	0	0	0	0	0	0	0	0	0	0	0	0	0	0	0
2592	0	0	0	0	0	0	0	0	0	0	0	0	0	0	0	0
2625	0	0	0	0	0	0	0	0	0	0	0	0	0	0	0	0
2658	0	0	0	0	0	0	0	0	0	0	0	0	0	0	0	0
2691	0	0	0	0	0	0	0	0	0	0	0	0	0	0	0	0
2726	0	0	0	0	0	0	0	0	0	0	0	0	0	0	0	0
2759	0	0	0	0	0	0	0	0	0	0	0	0	0	0	0	0
2791	0	0	0	0	0	0	0	0	0	0	0	0	0	0	0	0
2824	0	0	0	0	0	0	0	0	0	0	0	0	0	0	0	0
2858	0	0	0	0	0	0	0	0	0	0	0	0	0	0	0	0
2891	0	0	0	0	0	0	0	0	0	0	0	0	0	0	0	0
2924	0	0	0	0	0	0	0	0	0	0	0	0	0	0	0	0
2959	0	0	0	0	0	0	0	0	0	0	0	0	0	0	0	0
2992	0	0	0	0	0	0	0	0	0	0	0	0	0	0	0	0
3023	0	0	0	0	0	0	0	0	0	0	0	0	0	0	0	0
3058	0	0	0	0	0	0	0	0	0	0	0	0	0	0	0	0
3090	0	0	0	0	0	0	0	0	0	0	0	0	0	0	0	0
3123	0	0	0	0	0	0	0	0	0	0	0	0	0	0	0	0
3157	0	0	0	0	0	0	0	0	0	0	0	0	0	0	0	0
3191	0	0	0	0	0	0	0	0	0	0	0	0	0	0	0	0
3225	0	0	0	0	0	0	0	0	0	0	0	0	0	0	0	0
3258	0	0	0	0	0	0	0	0	0	0	0	0	0	0	0	0
3290	0	0	0	0	0	0	0	0	0	0	0	0	0	0	0	0
3324	0	0	0	0	0	0	0	0	0	0	0	0	0	0	0	0
3357	0	0	0	0	0	0	0	0	0	0	0	0	0	0	0	0
3391	0	0	0	0	0	0	0	0	0	0	0	0	0	0	0	0
3424	0	0	0	0	0	0	0	0	0	0	0	0	0	0	0	0
3457	0	0	0	0	0	0	0	0	0	0	0	0	0	0	0	0
3490	0	0	0	0	0	0	0	0	0	0	0	0	0	0	0	0
3524	0	0	0	0	0	0	0	0	0	0	0	0	0	0	0	0
3557	0	0	0	0	0	0	0	0	0	0	0	0	0	0	0	0
3590	0	0	0	0	0	0	0	0	0	0	0	0	0	0	0	0
3624	0	0	0	0	0	0	0	0	0	0	0	0	0	0	0	0
3658	0	0	0	0	0	0	0	0	0	0	0	0	0	0	0	0
3690	0	0	0	0	0	0	0	0	0	0	0	0	0	0	0	0
3724	0	0	0	0	0	0	0	0	0	0	0	0	0	0	0	0
3758	0	0	0	0	0	0	0	0	0	0	0	0	0	0	0	0
3790	0	0	0	0	0	0	0	0	0	0	0	0	0	0	0	0
3824	0	0	0	0	0	0	0	0	0	0	0	0	0	0	0	0
3857	0	0	0	0	0	0	0	0	0	0	0	0	0	0	0	0
3890	0	0	0	0	0	0	0	0	0	0	0	0	0	0	0	0
3925	0	0	0	0	0	0	0	0	0	0	0	0	0	0	0	0
3956	0	0	0	0	0	0	0	0	0	0	0	0	0	0	0	0
3992	0	0	0	0	0	0	0	0	0	0	0	0	0	0	0	0
4025	0	0	0	0	0	0	0	0	0	0	0	0	0	0	0	0
4058	0	0	0	0	0	0	0	0	0	0	0	0	0	0	0	0
4090	0	0	0	0	0	0	0	0	0	0	0	0	0	0	0	0
4126	0	0	0	0	0	0	0	0	0	0	0	0	0	0	0	0
4155	0	0	0	0	0	0	0	0	0	0	0	0	0	0	0	0
4189	0	0	0	0	0	0	0	0	0	0	0	0	0	0	0	0
4222	0	0	0	0	0	0	0	0	0	0	0	0	0	0	0	0
4256	0	0	0	0	0	0	0	0	0	0	0	0	0	0	0	0
4288	0	0	0	0	0	0	0	0	0	0	0	0	0	0	0	0
4322	0	0	0	0	0	0	0	0	0	0	0	0	0	0	0	0
4356	0	0	0	0	0	0	0	0	0	0	0	0	0	0	0	0
4388	0	0	0	0	0	0	0	0	0	0	0	0	0	0	0	0
4422	0	0	0	0	0	0	0	0	0	0	0	0	0	0	0	0
4456	0	0	0	0	0	0	0	0	0	0	0	0	0	0	0	0
4489	0	0	0	0	0	0	0	0	0	0	0	0	0	0	0	0
4522	0	0	0	0	0	0	0	0	0	0	0	0	0	0	0	0
4560	0	0	0	0	0	0	0	0	0	0	0	0	0	0	0	0
4588	0	0	0	0	0	0	0	0	0	0	0	0	0	0	0	0
4622	0	0	0	0	0	0	0	0	0	0	0	0	0	0	0	0
4655	0	0	0	0	0	0	0	0	0	0	0	0	0	0	0	0
4689	0	0	0	0	0	0	0	0	0	0	0	0	0	0	0	0
4726	0	0	0	0	0	0	0	0	0	0	0	0	0	0	0	0
4754	0	0	0	0	0	0	0	0	0	0	0	0	0	0	0	0
4788	0	0	0	0	0	0	0	0	0	0	0	0	0	0	0	0
4823	0	0	0	0	0	0	0	0	0	0	0	0	0	0	0	0
4855	0	0	0	0	0	0	0	0	0	0	0	0	0	0	0	0
4893	0	0	0	0	0	0	0	0	0	0	0	0	0	0	0	0
4921	0	0	0	0	0	0	0	0	0	0	0	0	0	0	0	0
4959	0	0	0	0	0	0	0	0	0	0	0	0	0	0	0	0
4988	0	0	0	0	0	0	0	0	0	0	0	0	0	0	0	0
5025	0	0	0	0	0	0	0	0	0	0	0	0	0	0	0	0
5059	0	0	0	0	0	0	0	0	0	0	0	0	0	0	0	0
5090	0	0	0	0	0	0	0	0	0	0	0	0	0	0	0	0
5122	0	0	0	0	0	0	0	0	0	0	0	0	0	0	0	0
5155	0	0	0	0	0	0	0	0	0	0	0	0	0	0	0	0
5190	0	0	0	0	0	0	0	0	0	0	0	0	0	0	0	0
5225	0	0	0	0	0	0	0	0	0	0	0	0	0	0	0	0
5259	0	0	0	0	0	0	0	0	0	0	0	0	0	0	0	0
5291	0	0	0	0	0	0	0	0	0	0	0	0	0	0	0	0
5325	0	0	0	0	0	0	0	0	0	0	0	0	0	0	0	0
5357	0	0	0	0	0	0	0	0	0	0	0	0	0	0	0	0
5392	0	0	0	0	0	0	0	0	0	0	0	0	0	0	0	0
5422	0	0	0	0	0	0	0	0	0	0	0	0	0	0	0	0
5459	0	0	0	0	0	0	0	0	0	0	0	0	0	0	0	0
5489	0	0	0	0	0	0	0	0	0	0	0	0	0	0	0	0
5525	0	0	0	0	0	0	0	0	0	0	0	0	0	0	0	0
5555	0	0	0	0	0	0	0	0	0	0	0	0	0	0	0	0
5590	0	0	0	0	0	0	0	0	0	0	0	0	0	0	0	0
5621	0	0	0	0	0	0	0	0	0	0	0	0	0	0	0	0
5655	0	0	0	0	0	0	0	0	0	0	0	0	0	0	0	0
5691	0	0	0	0	0	0	0	0	0	0	0	0	0	0	0	0
5725	0	0	0	0	0	0	0	0	0	0	0	0	0	0	0	0
5758	0	0	0	0	0	0	0	0	0	0	0	0	0	0	0	0
5789	0	0	0	0	0	0	0	0	0	0	0	0	0	0	0	0
5824	0	0	0	0	0	0	0	0	0	0	0	0	0	0	0	0
5855	0	0	0	0	0	0	0	0	0	0	0	0	0	0	0	0
5891	0	0	0	0	0	0	0	0	0	0	0	0	0	0	0	0
5924	0	0	0	0	0	0	0	0	0	0	0	0	0	0	0	0
5955	0	0	0	0	0	0	0	0	0	0	0	0	0	0	0	0
5991	0	0	0	0	0	0	0	0	0	0	0	0	0	0	0	0
6023	0	0	0	0	0	0	0	0	0	0	0	0	0	0	0	0
6057	0	0	0	0	0	0	0	0	0	0	0	0	0	0	0	0
6089	0	0	0	0	0	0	0	0	0	0	0	0	0	0	0	0
6123	0	0	0	0	0	0	0	0	0	0	0	0	0	0	0	0
6158	0	0	0	0	0	0	0	0	0	0	0	0	0	0	0	0
6188	0	0	0	0	0	0	0	0	0	0	0	0	0	0	0	0
6223	0	0	0	0	0	0	0	0	0	0	0	0	0	0	0	0
6259	0	0	0	0	0	0	0	0	0	0	0	0	0	0	0	0
6290	0	0	0	0	0	0	0	0	0	0	0	0	0	0	0	0
6323	0	0	0	0	0	0	0	0	0	0	0	0	0	0	0	0
6355	0	0	0	0	0	0	0	0	0	0	0	0	0	0	0	0
6390	0	0	0	0	0	0	0	0	0	0	0	0	0	0	0	0
6423	0	0	0	0	0	0	0	0	0	0	0	0	0	0	0	0
6459	0	0	0	0	0	0	0	0	0	0	0	0	0	0	0	0
6489	0	0	0	0	0	0	0	0	0	0	0	0	0	0	0	0
6522	0	0	0	0	0	0	0	0	0	0	0	0	0	0	0	0
6556	0	0	0	0	0	0	0	0	0	0	0	0	0	0	0	0
6590	0	0	0	0	0	0	0	0	0	0	0	0	0	0	0	0
6622	0	0	0	0	0	0	0	0	0	0	0	0	0	0	0	0
6660	0	0	0	0	0	0	0	0	0	0	0	0	0	0	0	0
6689	0	0	0	0	0	0	0	0	0	0	0	0	0	0	0	0
6722	0	0	0	0	0	0	0	0	0	0	0	0	0	0	0	0
6755	0	0	0	0	0	0	0	0	0	0	0	0	0	0	0	0
6788	0	0	0	0	0	0	0	0	0	0	0	0	0	0	0	0
6823	0	0	0	0	0	0	0	0	0	0	0	0	0	0	0	0
6855	0	0	0	0	0	0	0	0	0	0	0	0	0	0	0	0
6889	0	0	0	0	0	0	0	0	0	0	0	0	0	0	0	0
6921	0	0	0	0	0	0	0	0	0	0	0	0	0	0	0	0
6959	0	0	0	0	0	0	0	0	0	0	0	0	0	0	0	0
6989	0	0	0	0	0	0	0	0	0	0	0	0	0	0	0	0
7027	0	0	0	0	0	0	0	0	0	0	0	0	0	0	0	0
7055	0	0	0	0	0	0	0	0	0	0	0	0	0	0	0	0
7088	0	0	0	0	0	0	0	0	0	0	0	0	0	0	0	0
7121	0	0	0	0	0	0	0	0	0	0	0	0	0	0	0	0
7160	0	0	0	0	0	0	0	0	0	0	0	0	0	0	0	0
7189	0	0	0	0	0	0	0	0	0	0	0	0	0	0	0	0
7222	0	0	0	0	0	0	0	0	0	0	0	0	0	0	0	0
7261	0	0	0	0	0	0	0	0	0	0	0	0	0	0	0	0
7289	0	0	0	0	0	0	0	0	0	0	0	0	0	0	0	0
7326	0	0	0	0	0	0	0	0	0	0	0	0	0	0	0	0
7355	0	0	0	0	0	0	0	0	0	0	0	0	0	0	0	0
7394	0	0	0	0	0	0	0	0	0	0	0	0	0	0	0	0
7423	0	0	0	0	0	0	0	0	0	0	0	0	0	0	0	0
7456	0	0	0	0	0	0	0	0	0	0	0	0	0	0	0	0
7488	0	0	0	0	0	0	0	0	0	0	0	0	0	0	0	0
7523	0	0	0	0	0	0	0	0	0	0	0	0	0	0	0	0
7555	0	0	0	0	0	0	0	0	0	0	0	0	0	0	0	0
7589	0	0	0	0	0	0	0	0	0	0	0	0	0	0	0	0
7622	0	0	0	0	0	0	0	0	0	0	0	0	0	0	0	0
7656	0	0	0	0	0	0	0	0	0	0	0	0	0	0	0	0
7689	0	0	0	0	0	0	0	0	0	0	0	0	0	0	0	0
7727	0	0	0	0	0	0	0	0	0	0	0	0	0	0	0	0
7756	0	0	0	0	0	0	0	0	0	0	0	0	0	0	0	0
7791	0	0	0	0	0	0	0	0	0	0	0	0	0	0	0	0
7824	0	0	0	0	0	0	0	0	0	0	0	0	0	0	0	0
7857	0	0	0	0	0	0	0	0	0	0	0	0	0	0	0	0
7890	0	0	0	0	0	0	0	0	0	0	0	0	0	0	0	0
7923	0	0	0	0	0	0	0	0	0	0	0	0	0	0	0	0
7957	0	0	0	0	0	0	0	0	0	0	0	0	0	0	0	0
7988	0	0	0	0	0	0	0	0	0	0	0	0	0	0	0	0
8023	0	0	0	0	0	0	0	0	0	0	0	0	0	0	0	0
8057	0	0	0	0	0	0	0	0	0	0	0	0	0	0	0	0
8090	0	0	0	0	0	0	0	0	0	0	0	0	0	0	0	0
8122	0	0	0	0	0	0	0	0	0	0	0	0	0	0	0	0
8156	0	0	0	0	0	0	0	0	0	0	0	0	0	0	0	0
8190	0	0	0	0	0	0	0	0	0	0	0	0	0	0	0	0
8223	0	0	0	0	0	0	0	0	0	0	0	0	0	0	0	0
8256	0	0	0	0	0	0	0	0	0	0	0	0	0	0	0	0
8289	0	0	0	0	0	0	0	0	0	0	0	0	0	0	0	0
8322	0	0	0	0	0	0	0	0	0	0	0	0	0	0	0	0
8356	0	0	0	0	0	0	0	0	0	0	0	0	0	0	0	0
8390	0	0	0	0	0	0	0	0	0	0	0	0	0	0	0	0
8423	0	0	0	0	0	0	0	0	0	0	0	0	0	0	0	0
8456	0	0	0	0	0	0	0	0	0	0	0	0	0	0	0	0
8489	0	0	0	0	0	0	0	0	0	0	0	0	0	0	0	0
8522	0	0	0	0	0	0	0	0	0	0	0	0	0	0	0	0
8555	0	0	0	0	0	0	0	0	0	0	0	0	0	0	0	0
8593	0	0	0	0	0	0	0	0	0	0	0	0	0	0	0	0
8622	0	0	0	0	0	0	0	0	0	0	0	0	0	0	0	0
8655	0	0	0	0	0	0	0	0	0	0	0	0	0	0	0	0
8688	0	0	0	0	0	0	0	0	0	0	0	0	0	0	0	0
8721	0	0	0	0	0	0	0	0	0	0	0	0	0	0	0	0
8755	0	0	0	0	0	0	0	0	0	0	0	0	0	0	0	0
8788	0	0	0	0	0	0	0	0	0	0	0	0	0	0	0	0
8826	0	0	0	0	0	0	0	0	0	0	0	0	0	0	0	0
8860	0	0	0	0	0	0	0	0	0	0	0	0	0	0	0	0
8892	0	0	0	0	0	0	0	0	0	0	0	0	0	0	0	0
8926	0	0	0	0	0	0	0	0	0	0	0	0	0	0	0	0
8958	0	0	0	0	0	0	0	0	0	0	0	0	0	0	0	0
8992	0	0	0	0	0	0	0	0	0	0	0	0	0	0	0	0
9026	0	0	0	0	0	0	0	0	0	0	0	0	0	0	0	0
9059	0	0	0	0	0	0	0	0	0	0	0	0	0	0	0	0
9092	0	0	0	0	0	0	0	0	0	0	0	0	0	0	0	0
9125	0	0	0	0	0	0	0	0	0	0	0	0	0	0	0	0
9159	0	0	0	0	0	0	0	0	0	0	0	0	0	0	0	0
9192	0	0	0	0	0	0	0	0	0	0	0	0	0	0	0	0
9225	0	0	0	0	0	0	0	0	0	0	0	0	0	0	0	0
9259	0	0	0	0	0	0	0	0	0	0	0	0	0	0	0	0
9292	0	0	0	0	0	0	0	0	0	0	0	0	0	0	0	0
9325	0	0	0	0	0	0	0	0	0	0	0	0	0	0	0	0
9358	0	0	0	0	0	0	0	0	0	0	0	0	0	0	0	0
9392	0	0	0	0	0	0	0	0	0	0	0	0	0	0	0	0
9425	0	0	0	0	0	0	0	0	0	0	0	0	0	0	0	0
9458	0	0	0	0	0	0	0	0	0	0	0	0	0	0	0	0
9491	0	0	0	0	0	0	0	0	0	0	0	0	0	0	0	0
9525	0	0	0	0	0	0	0	0	0	0	0	0	0	0	0	0
9558	0	0	0	0	0	0	0	0	0	0	0	0	0	0	0	0
9591	0	0	0	0	0	0	0	0	0	0	0	0	0	0	0	0
9624	0	0	0	0	0	0	0	0	0	0	0	0	0	0	0	0
9659	0	0	0	0	0	0	0	0	0	0	0	0	0	0	0	0
9690	0	0	0	0	0	0	0	0	0	0	0	0	0	0	0	0
9724	0	0	0	0	0	0	0	0	0	0	0	0	0	0	0	0
9757	0	0	0	0	0	0	0	0	0	0	0	0	0	0	0	0
9791	0	0	0	0	0	0	0	0	0	0	0	0	0	0	0	0
9823	0	0	0	0	0	0	0	0	0	0	0	0	0	0	0	0
9857	0	0	0	0	0	0	0	0	0	0	0	0	0	0	0	0
9890	0	0	0	0	0	0	0	0	0	0	0	0	0	0	0	0
9926	0	0	0	0	0	0	0	0	0	0	0	0	0	0	0	0
9957	0	0	0	0	0	0	0	0	0	0	0	0	0	0	0	0
9990	0	0	0	0	0	0	0	0	0	0	0	0	0	0	0	0
10023	0	0	0	0	0	0	0	0	0	0	0	0	0	0	0	0
10057	0	0	0	0	0	0	0	0	0	0	0	0	0	0	0	0
10090	0	0	0	0	0	0	0	0	0	0	0	0	0	0	0	0
10122	0	0	0	0	0	0	0	0	0	0	0	0	0	0	0	0
10156	0	0	0	0	0	0	0	0	0	0	0	0	0	0	0	0
10192	0	0	0	0	0	0	0	0	0	0	0	0	0	0	0	0
10223	0	0	0	0	0	0	0	0	0	0	0	0	0	0	0	0
10256	0	0	0	0	0	0	0	0	0	0	0	0	0	0	0	0
10289	0	0	0	0	0	0	0	1	1	0	0	0	0	0	0	0
10323	0	0	0	0	0	0	0	1	1	0	0	0	0	0	0	0
10356	0	0	0	0	0	0	0	1	1	0	0	0	0	0	0	0
10389	0	0	0	0	0	0	0	1	1	0	0	0	0	0	0	0
10422	0	0	0	0	0	0	0	1	1	0	0	0	0	0	0	0
10456	0	0	0	0	0	0	0	0	0	0	0	0	0	0	0	0
10489	0	0	0	0	0	0	0	0	0	0	0	0	0	0	0	0
10522	0	0	0	0	0	0	0	0	0	0	0	0	0	0	0	0
10558	0	0	0	0	0	0	0	0	0	0	0	0	0	0	0	0
10592	0	0	0	0	0	0	0	0	0	0	0	0	0	0	0	0
10625	0	0	0	0	0	0	0	0	0	0	0	0	0	0	0	0
10656	0	0	0	0	0	0	0	0	0	0	0	0	0	0	0	0
10690	0	0	0	0	0	0	0	0	0	0	0	0	0	0	0	0
10723	0	0	0	0	0	0	0	0	0	0	0	0	0	0	0	0
10756	0	0	0	0	0	0	0	0	0	0	0	0	0	0	0	0
10790	0	0	0	0	0	0	0	0	0	0	0	0	0	0	0	0
10824	0	0	0	0	0	0	0	0	0	0	0	0	0	0	0	0
10856	0	0	0	0	0	0	0	0	0	0	0	0	0	0	0	0
10890	0	0	0	0	0	0	0	0	0	0	0	0	0	0	0	0
10923	0	0	0	0	0	0	0	0	0	0	0	0	0	0	0	0
10958	0	0	0	0	0	0	0	0	0	0	0	0	0	0	0	0
10989	0	0	0	0	0	0	0	0	0	0	0	0	0	0	0	0
11022	0	0	0	0	0	0	0	0	0	0	0	0	0	0	0	0
11055	0	0	0	0	0	0	0	0	0	0	0	0	0	0	0	0
11088	0	0	0	0	0	0	0	0	0	0	0	0	0	0	0	0
11122	0	0	0	0	0	0	0	0	0	0	0	0	0	0	0	0
11156	0	0	0	0	0	0	0	0	0	0	0	0	0	0	0	0
11189	0	0	0	0	0	0	0	0	0	0	0	0	0	0	0	0
11223	0	0	0	0	0	0	0	0	0	0	0	0	0	0	0	0
11256	0	0	0	0	0	0	0	0	0	0	0	0	0	0	0	0
11288	0	0	0	0	0	0	0	0	0	0	0	0	0	0	0	0
11322	0	0	0	0	0	0	0	0	0	0	0	0	0	0	0	0
11355	0	0	0	0	0	0	0	0	0	0	0	0	0	0	0	0
11388	0	0	0	0	0	0	0	0	0	0	0	0	0	0	0	0
11423	0	0	0	0	0	0	0	0	0	0	0	0	0	0	0	0
11456	0	0	0	0	0	0	0	0	0	0	0	0	0	0	0	0
11489	0	0	0	0	0	0	0	0	0	0	0	0	0	0	0	0
11524	0	0	0	0	0	0	0	0	0	0	0	0	0	0	0	0
11556	0	0	0	0	0	0	0	0	0	0	0	0	0	0	0	0
11589	0	0	0	0	0	0	0	0	0	0	0	0	0	0	0	0
11622	0	0	0	0	0	0	0	0	0	0	0	0	0	0	0	0
11655	0	0	0	0	0	0	0	0	0	0	0	0	0	0	0	0
11689	0	0	0	0	0	0	0	0	0	0	0	0	0	0	0	0
11728	0	0	0	0	0	0	0	0	0	0	0	0	0	0	0	0
11756	0	0	0	0	0	0	0	0	0	0	0	0	0	0	0	0
11794	0	0	0	0	0	0	0	0	0	0	0	0	0	0	0	0
11825	0	0	0	0	0	0	0	0	0	0	0	0	0	0	0	0
11857	0	0	0	0	0	0	0	0	0	0	0	0	0	0	0	0
11892	0	0	0	0	0	0	0	0	0	0	0	0	0	0	0	0
11925	0	0	0	0	0	0	0	0	0	0	0	0	0	0	0	0
11960	0	0	0	0	0	0	0	0	0	0	0	0	0	0	0	0
11995	0	0	0	0	0	0	0	0	0	0	0	0	0	0	0	0
12026	0	0	0	0	0	0	0	0	0	0	0	0	0	0	0	0
12059	0	0	0	0	0	0	0	0	0	0	0	0	0	0	0	0
12092	0	0	0	0	0	0	0	0	0	0	0	0	0	0	0	0
12126	0	0	0	0	0	0	0	0	0	0	0	0	0	0	0	0
12155	0	0	0	0	0	0	0	0	0	0	0	0	0	0	0	0
12189	0	0	0	0	0	0	0	0	0	0	0	0	0	0	0	0
12224	0	0	0	0	0	0	0	0	0	0	0	0	0	0	0	0
12256	0	0	0	0	0	0	0	0	0	0	0	0	0	0	0	0
12291	0	0	0	0	0	0	0	0	0	0	0	0	0	0	0	0
12326	0	0	0	0	0	0	0	0	0	0	0	0	0	0	0	0
12360	0	0	0	0	0	0	0	0	0	0	0	0	0	0	0	0
12390	0	0	0	0	0	0	0	0	0	0	0	0	0	0	0	0
12422	0	0	0	0	0	0	0	0	0	0	0	0	0	0	0	0
12457	0	0	0	0	0	0	0	0	0	0	0	0	0	0	0	0
12488	0	0	0	0	0	0	0	0	0	0	0	0	0	0	0	0
12523	0	0	0	0	0	0	0	0	0	0	0	0	0	0	0	0
12556	0	0	0	0	0	0	0	0	0	0	0	0	0	0	0	0
12589	0	0	0	0	0	0	0	0	0	0	0	0	0	0	0	0
12622	0	0	0	0	0	0	0	0	0	0	0	0	0	0	0	0
12655	0	0	0	0	0	0	0	0	0	0	0	0	0	0	0	0
12688	0	0	0	0	0	0	0	0	0	0	0	0	0	0	0	0
12724	0	0	0	0	0	0	0	0	0	0	0	0	0	0	0	0
12755	0	0	0	0	0	0	0	0	0	0	0	0	0	0	0	0
12791	0	0	0	0	0	0	0	0	0	0	0	0	0	0	0	0
12822	0	0	0	0	0	0	0	0	0	0	0	0	0	0	0	0
12856	0	0	0	0	0	0	0	0	0	0	0	0	0	0	0	0
12890	0	0	0	0	0	0	0	0	0	0	0	0	0	0	0	0
12924	0	0	0	0	0	0	0	0	0	0	0	0	0	0	0	0
12958	0	0	0	0	0	0	0	0	0	0	0	0	0	0	0	0
12988	0	0	0	0	0	0	0	0	0	0	0	0	0	0	0	0
13022	0	0	0	0	0	0	0	0	0	0	0	0	0	0	0	0
13057	0	0	0	0	0	0	0	0	0	0	0	0	0	0	0	0
13089	0	0	0	0	0	0	0	0	0	0	0	0	0	0	0	0
13123	0	0	0	0	0	0	0	0	0	0	0	0	0	0	0	0
13157	0	0	0	0	0	0	0	0	0	0	0	0	0	0	0	0
13190	0	0	0	0	0	0	0	0	0	0	0	0	0	0	0	0
13223	0	0	0	0	0	0	0	0	0	0	0	0	0	0	0	0
13256	0	0	0	0	0	0	0	0	0	0	0	0	0	0	0	0
13290	0	0	0	0	0	0	0	0	0	0	0	0	0	0	0	0
13323	0	0	0	0	0	0	0	0	0	0	0	0	0	0	0	0
13355	0	0	0	0	0	0	0	0	0	0	0	0	0	0	0	0
13390	0	0	0	0	0	0	0	0	0	0	0	0	0	0	0	0
13424	0	0	0	0	0	0	0	0	0	0	0	0	0	0	0	0
13455	0	0	0	0	0	0	0	0	0	0	0	0	0	0	0	0
13488	0	0	0	0	0	0	0	0	0	0	0	0	0	0	0	0
13522	0	0	0	0	0	0	0	0	0	0	0	0	0	0	0	0
13558	0	0	0	0	0	0	0	0	0	0	0	0	0	0	0	0
13589	0	0	0	0	0	0	0	0	0	0	0	0	0	0	0	0
13625	0	0	0	0	0	0	0	0	0	0	0	0	0	0	0	0
13656	0	0	0	0	0	0	0	0	0	0	0	0	0	0	0	0
13688	0	0	0	0	0	0	0	0	0	0	0	0	0	0	0	0
13721	0	0	0	0	0	0	0	0	0	0	0	0	0	0	0	0
13755	0	0	0	0	0	0	0	0	0	0	0	0	0	0	0	0
13792	0	0	0	0	0	0	0	0	0	0	0	0	0	0	0	0
13821	0	0	0	0	0	0	0	0	0	0	0	0	0	0	0	0
13854	0	0	0	0	0	0	0	0	0	0	0	0	0	0	0	0
13888	0	0	0	0	0	0	0	0	0	0	0	0	0	0	0	0
13922	0	0	0	0	0	0	0	0	0	0	0	0	0	0	0	0
13955	0	0	0	0	0	0	0	0	0	0	0	0	0	0	0	0
13991	0	0	0	0	0	0	0	0	0	0	0	0	0	0	0	0
14026	0	0	0	0	0	0	0	0	0	0	0	0	0	0	0	0
14054	0	0	0	0	0	0	0	0	0	0	0	0	0	0	0	0
14093	0	0	0	0	0	0	0	0	0	0	0	0	0	0	0	0
14122	0	0	0	0	0	0	0	0	0	0	0	0	0	0	0	0
14160	0	0	0	0	0	0	0	0	0	0	0	0	0	0	0	0
14189	0	0	0	0	0	0	0	0	0	0	0	0	0	0	0	0
14226	0	0	0	0	0	0	0	0	0	0	0	0	0	0	0	0
14255	0	0	0	0	0	0	0	0	0	0	0	0	0	0	0	0
14288	0	0	0	0	0	0	0	0	0	0	0	0	0	0	0	0
14326	0	0	0	0	0	0	0	0	0	0	0	0	0	0	0	0
14356	0	0	0	0	0	0	0	0	0	0	0	0	0	0	0	0
14393	0	0	0	0	0	0	0	0	0	0	0	0	0	0	0	0
14422	0	0	0	0	0	0	0	0	0	0	0	0	0	0	0	0
14454	0	0	0	0	0	0	0	0	0	0	0	0	0	0	0	0
14493	0	0	0	0	0	0	0	0	0	0	0	0	0	0	0	0
14522	0	0	0	0	0	0	0	0	0	0	0	0	0	0	0	0
14554	0	0	0	0	0	0	0	0	0	0	0	0	0	0	0	0
14593	0	0	0	0	0	0	0	0	0	0	0	0	0	0	0	0
14624	0	0	0	0	0	0	0	0	0	0	0	0	0	0	0	0
14655	0	0	0	0	0	0	0	0	0	0	0	0	0	0	0	0
14693	0	0	0	0	0	0	0	0	0	0	0	0	0	0	0	0
14723	0	0	0	0	0	0	0	0	0	0	0	0	0	0	0	0
14755	0	0	0	0	0	0	0	0	0	0	0	0	0	0	0	0
14788	0	0	0	0	0	0	0	0	0	0	0	0	0	0	0	0
14827	0	0	0	0	0	0	0	0	0	0	0	0	0	0	0	0
14858	0	0	0	0	0	0	0	0	0	0	0	0	0	0	0	0
14889	0	0	0	0	0	0	0	0	0	0	0	0	0	0	0	0
14924	0	0	0	0	0	0	0	0	0	0	0	0	0	0	0	0
14958	0	0	0	0	0	0	0	0	0	0	0	0	0	0	0	0
14990	0	0	0	0	0	0	0	0	0	0	0	0	0	0	0	0
15023	0	0	0	0	0	0	0	0	0	0	0	0	0	0	0	0
15059	0	0	0	0	0	0	0	0	0	0	0	0	0	0	0	0
15089	0	0	0	0	0	0	0	0	0	0	0	0	0	0	0	0
15124	0	0	0	0	0	0	0	0	0	0	0	0	0	0	0	0
15156	0	0	0	0	0	0	0	0	0	0	0	0	0	0	0	0
15189	0	0	0	0	0	0	0	0	0	0	0	0	0	0	0	0
15222	0	0	0	0	0	0	0	0	0	0	0	0	0	0	0	0
15255	0	0	0	0	0	0	0	0	0	0	0	0	0	0	0	0
15292	0	0	0	0	0	0	0	0	0	0	0	0	0	0	0	0
15323	0	0	0	0	0	0	0	0	0	0	0	0	0	0	0	0
15358	0	0	0	0	0	0	0	0	0	0	0	0	0	0	0	0
15392	0	0	0	0	0	0	0	0	0	0	0	0	0	0	0	0
15424	0	0	0	0	0	0	0	0	0	0	0	0	0	0	0	0
15458	0	0	0	0	0	0	0	0	0	0	0	0	0	0	0	0
15488	0	0	0	0	0	0	0	0	0	0	0	0	0	0	0	0
15522	0	0	0	0	0	0	0	0	0	0	0	0	0	0	0	0
15554	0	0	0	0	0	0	0	0	0	0	0	0	0	0	0	0
15588	0	0	0	0	0	0	0	0	0	0	0	0	0	0	0	0
15625	0	0	0	0	0	0	0	0	0	0	0	0	0	0	0	0
15658	0	0	0	0	0	0	0	1	0	0	0	0	1	0	0	0
15694	0	0	0	0	0	0	0	1	0	0	0	0	1	0	0	0
15727	0	0	0	0	0	0	0	1	0	0	0	0	1	0	0	0
15756	0	0	0	0	0	0	0	1	0	0	0	0	1	0	0	0
15793	0	0	0	0	0	0	0	0	0	0	0	0	0	0	0	0
15826	0	0	0	0	0	0	0	0	0	0	0	0	0	0	0	0
15858	0	0	0	0	0	0	0	0	0	0	0	0	0	0	0	0
15892	0	0	0	0	0	0	0	0	0	0	0	0	0	0	0	0
15926	0	0	0	0	0	0	0	0	0	0	0	0	0	0	0	0
15959	0	0	0	0	0	0	0	0	0	0	0	0	0	0	0	0
15992	0	0	0	0	0	0	0	0	0	0	0	0	0	0	0	0
16026	0	0	0	0	0	0	0	0	0	0	0	0	0	0	0	0
16059	0	0	0	0	0	0	0	0	0	0	0	0	0	0	0	0
16092	0	0	0	0	0	0	0	0	0	0	0	0	0	0	0	0
16125	0	0	0	0	0	0	0	0	0	0	0	0	0	0	0	0
16160	0	0	0	0	0	0	0	0	0	0	0	0	0	0	0	0
16193	0	0	0	0	0	0	0	0	0	0	0	0	0	0	0	0
16224	0	0	0	0	0	0	0	0	0	0	0	0	0	0	0	0
16258	0	0	0	0	0	0	0	0	0	0	0	0	0	0	0	0
16291	0	0	0	0	0	0	0	0	0	0	0	0	0	0	0	0
16324	0	0	0	0	0	0	0	0	0	0	0	0	0	0	0	0
16358	0	0	0	0	0	0	0	0	0	0	0	0	0	0	0	0
16391	0	0	0	0	0	0	0	0	0	0	0	0	0	0	0	0
16424	0	0	0	0	0	0	0	0	0	0	0	0	0	0	0	0
16457	0	0	0	0	0	0	0	0	0	0	0	0	0	0	0	0
16491	0	0	0	0	0	0	0	0	0	0	0	0	0	0	0	0
16524	0	0	0	0	0	0	0	0	0	0	0	0	0	0	0	0
16557	0	0	0	0	0	0	0	0	0	0	0	0	0	0	0	0
16590	0	0	0	0	0	0	0	0	0	0	0	0	0	0	0	0
16624	0	0	0	0	0	0	0	0	0	0	0	0	0	0	0	0
16657	0	0	0	0	0	0	0	0	0	0	0	0	0	0	0	0
16691	0	0	0	0	0	0	0	0	0	0	0	0	0	0	0	0
16724	0	0	0	0	0	0	0	0	0	0	0	0	0	0	0	0
16758	0	0	0	0	0	0	0	0	0	0	0	0	0	0	0	0
16790	0	0	0	0	0	0	0	0	0	0	0	0	0	0	0	0
16823	0	0	0	0	0	0	0	0	0	0	0	0	0	0	0	0
16856	0	0	0	0	0	0	0	0	0	0	0	0	0	0	0	0
16890	0	0	0	0	0	0	0	0	0	0	0	0	0	0	0	0
16923	0	0	0	0	0	0	0	0	0	0	0	0	0	0	0	0
16958	0	0	0	0	0	0	0	0	0	0	0	0	0	0	0	0
16989	0	0	0	0	0	0	0	0	0	0	0	0	0	0	0	0
17023	0	0	0	0	0	0	0	0	0	0	0	0	0	0	0	0
17056	0	0	0	0	0	0	0	0	0	0	0	0	0	0	0	0
17089	0	0	0	0	0	0	0	0	0	0	0	0	0	0	0	0
17122	0	0	0	0	0	0	0	0	0	0	0	0	0	0	0	0
17156	0	0	0	0	0	0	0	0	0	0	0	0	0	0	0	0
17190	0	0	0	0	0	0	0	0	0	0	0	0	0	0	0	0
17222	0	0	0	0	0	0	0	0	0	0	0	0	0	0	0	0
17257	0	0	0	0	0	0	0	0	0	0	0	0	0	0	0	0
17289	0	0	0	0	0	0	0	0	0	0	0	0	0	0	0	0
17323	0	0	0	0	0	0	0	0	0	0	0	0	0	0	0	0
17359	0	0	0	0	0	0	0	0	0	0	0	0	0	0	0	0
17388	0	0	0	0	0	0	0	0	0	0	0	0	0	0	0	0
17426	0	0	0	0	0	0	0	0	0	0	0	0	0	0	0	0
17460	0	0	0	0	0	0	0	0	0	0	0	0	0	0	0	0
17488	0	0	0	0	0	0	0	0	0	0	0	0	0	0	0	0
17521	0	0	0	0	0	0	0	0	0	0	0	0	0	0	0	0
17554	0	0	0	0	0	0	0	0	0	0	0	0	0	0	0	0
17592	0	0	0	0	0	0	0	0	0	0	0	0	0	0	0	0
17622	0	0	0	0	0	0	0	0	0	0	0	0	0	0	0	0
17655	0	0	0	0	0	0	0	0	0	0	0	0	0	0	0	0
17688	0	0	0	0	0	0	0	0	0	0	0	0	0	0	0	0
17721	0	0	0	0	0	0	0	0	0	0	0	0	0	0	0	0
17760	0	0	0	0	0	0	0	0	0	0	0	0	0	0	0	0
17789	0	0	0	0	0	0	0	0	0	0	0	0	0	0	0	0
17822	0	0	0	0	0	0	0	0	0	0	0	0	0	0	0	0
17856	0	0	0	0	0	0	0	0	0	0	0	0	0	0	0	0
17889	0	0	0	0	0	0	0	0	0	0	0	0	0	0	0	0
17922	0	0	0	0	0	0	0	0	0	0	0	0	0	0	0	0
17956	0	0	0	0	0	0	0	0	0	0	0	0	0	0	0	0
17988	0	0	0	0	0	0	0	0	0	0	0	0	0	0	0	0
18023	0	0	0	0	0	0	0	0	0	0	0	0	0	0	0	0
18056	0	0	0	0	0	0	0	0	0	0	0	0	0	0	0	0
18090	0	0	0	0	0	0	0	0	0	0	0	0	0	0	0	0
18126	0	0	0	0	0	0	0	0	0	0	0	0	0	0	0	0
18157	0	0	0	0	0	0	0	0	0	0	0	0	0	0	0	0
18189	0	0	0	0	0	0	0	0	0	0	0	0	0	0	0	0
18224	0	0	0	0	0	0	0	0	0	0	0	0	0	0	0	0
18256	0	0	0	0	0	0	0	0	0	0	0	0	0	0	0	0
18294	0	0	0	0	0	0	0	0	0	0	0	0	0	0	0	0
18322	0	0	0	0	0	0	0	0	0	0	0	0	0	0	0	0
18357	0	0	0	0	0	0	0	0	0	0	0	0	0	0	0	0
18389	0	0	0	0	0	0	0	0	0	0	0	0	0	0	0	0
18423	0	0	0	0	0	0	0	0	0	0	0	0	0	0	0	0
18460	0	0	0	0	0	0	0	0	0	0	0	0	0	0	0	0
18493	0	0	0	0	0	0	0	0	0	0	0	0	0	0	0	0
18525	0	0	0	0	0	0	0	0	0	0	0	0	0	0	0	0
18560	0	0	0	0	0	0	0	0	0	0	0	0	0	0	0	0
18592	0	0	0	0	0	0	0	0	0	0	0	0	0	0	0	0
18626	0	0	0	0	0	0	0	0	0	0	0	0	0	0	0	0
18660	0	0	0	0	0	0	0	0	0	0	0	0	0	0	0	0
18693	0	0	0	0	0	0	0	0	0	0	0	0	0	0	0	0
18727	0	0	0	0	0	0	0	0	0	0	0	0	0	0	0	0
18760	0	0	0	0	0	0	0	0	0	0	0	0	0	0	0	0
18792	0	0	0	0	0	0	0	0	0	0	0	0	0	0	0	0
18824	0	0	0	0	0	0	0	0	0	0	0	0	0	0	0	0
18859	0	0	0	0	0	0	0	0	0	0	0	0	0	0	0	0
18890	0	0	0	0	0	0	0	0	0	0	0	0	0	0	0	0
18925	0	0	0	0	0	0	0	0	0	0	0	0	0	0	0	0
18958	0	0	0	0	0	0	0	0	0	0	0	0	0	0	0	0
18992	0	0	0	0	0	0	0	0	0	0	0	0	0	0	0	0
19024	0	0	0	0	0	0	0	0	0	0	0	0	0	0	0	0
19056	0	0	0	0	0	0	0	0	0	0	0	0	0	0	0	0
19092	0	0	0	0	0	0	0	0	0	0	0	0	0	0	0	0
19125	0	0	0	0	0	0	0	0	0	0	0	0	0	0	0	0
19159	0	0	0	0	0	0	0	0	0	0	0	0	0	0	0	0
19189	0	0	0	0	0	0	0	0	0	0	0	0	0	0	0	0
19227	0	0	0	0	0	0	0	0	0	0	0	0	0	0	0	0
19256	0	0	0	0	0	0	0	0	0	0	0	0	0	0	0	0
19291	0	0	0	0	0	0	0	0	0	0	0	0	0	0	0	0
19325	0	0	0	0	0	0	0	0	0	0	0	0	0	0	0	0
19358	0	0	0	0	0	0	0	0	0	0	0	0	0	0	0	0
19392	0	0	0	0	0	0	0	0	0	0	0	0	0	0	0	0
19425	0	0	0	0	0	0	0	0	0	0	0	0	0	0	0	0
19456	0	0	0	0	0	0	0	0	0	0	0	0	0	0	0	0
19491	0	0	0	0	0	0	0	0	0	0	0	0	0	0	0	0
19522	0	0	0	0	0	0	0	0	0	0	0	0	0	0	0	0
19558	0	0	0	0	0	0	0	0	0	0	0	0	0	0	0	0
19592	0	0	0	0	0	0	0	0	0	0	0	0	0	0	0	0
19621	0	0	0	0	0	0	0	0	0	0	0	0	0	0	0	0
19656	0	0	0	0	0	0	0	0	0	0	0	0	0	0	0	0
19693	0	0	0	0	0	0	0	0	0	0	0	0	0	0	0	0
19722	0	0	0	0	0	0	0	0	0	0	0	0	0	0	0	0
19758	0	0	0	0	0	0	0	0	0	0	0	0	0	0	0	0
19791	0	0	0	0	0	0	0	0	0	0	0	0	0	0	0	0
19823	0	0	0	0	0	0	0	0	0	0	0	0	0	0	0	0
19857	0	0	0	0	0	0	0	0	0	0	0	0	0	0	0	0
19890	0	0	0	0	0	0	0	0	0	0	0	0	0	0	0	0
19923	0	0	0	0	0	0	0	0	0	0	0	0	0	0	0	0
19956	0	0	0	0	0	0	0	0	0	0	0	0	0	0	0	0
19989	0	0	0	0	0	0	0	0	0	0	0	0	0	0	0	0
20023	0	0	0	0	0	0	0	0	0	0	0	0	0	0	0	0
20056	0	0	0	0	0	0	0	0	0	0	0	0	0	0	0	0
20090	0	0	0	0	0	0	0	0	0	0	0	0	0	0	0	0
20126	0	0	0	0	0	0	0	0	0	0	0	0	0	0	0	0
20159	0	0	0	0	0	0	0	0	0	0	0	0	0	0	0	0
20190	0	0	0	0	0	0	0	0	0	0	0	0	0	0	0	0
20223	0	0	0	0	0	0	0	0	0	0	0	0	0	0	0	0
20255	0	0	0	0	0	0	0	0	0	0	0	0	0	0	0	0
20290	0	0	0	0	0	0	0	0	0	0	0	0	0	0	0	0
20322	0	0	0	0	0	0	0	0	0	0	0	0	0	0	0	0
20356	0	0	0	0	0	0	0	0	0	0	0	0	0	0	0	0
20389	0	0	0	0	0	0	0	0	0	0	0	0	0	0	0	0
20425	0	0	0	0	0	0	0	0	0	0	0	0	0	0	0	0
20456	0	0	0	0	0	0	0	0	0	0	0	0	0	0	0	0
20492	0	0	0	0	0	0	0	0	0	0	0	0	0	0	0	0
20524	0	0	0	0	0	0	0	0	0	0	0	0	0	0	0	0
20556	0	0	0	0	0	0	0	0	0	0	0	0	0	0	0	0
20588	0	0	0	0	0	0	0	0	0	0	0	0	0	0	0	0
20623	0	0	0	0	0	0	0	0	0	0	0	0	0	0	0	0
20657	0	0	0	0	0	0	0	0	0	0	0	0	0	0	0	0
20689	0	0	0	0	0	0	0	0	0	0	0	0	0	0	0	0
20723	0	0	0	0	0	0	0	0	0	0	0	0	0	0	0	0
20756	0	0	0	0	0	0	0	0	0	0	0	0	0	0	0	0
20788	0	0	0	0	0	0	0	0	0	0	0	0	0	0	0	0
20824	0	0	0	0	0	0	0	0	0	0	0	0	0	0	0	0
20855	0	0	0	0	0	0	0	0	0	0	0	0	0	0	0	0
20894	0	0	0	0	0	0	0	0	0	0	0	0	0	0	0	0
20922	0	0	0	0	0	0	0	0	0	0	0	0	0	0	0	0
20954	0	0	0	0	0	0	0	0	0	0	0	0	0	0	0	0
20988	0	0	0	0	0	0	0	0	0	0	0	0	0	0	0	0
21021	0	0	0	0	0	0	0	0	0	0	0	0	0	0	0	0
21056	0	0	0	0	0	0	0	0	0	0	0	0	0	0	0	0
21089	0	0	0	0	0	0	0	0	0	0	0	0	0	0	0	0
21126	0	0	0	0	0	0	0	0	0	0	0	0	0	0	0	0
21154	0	0	0	0	0	0	0	0	0	0	0	0	0	0	0	0
21192	0	0	0	0	0	0	0	0	0	0	0	0	0	0	0	0
21222	0	0	0	0	0	0	0	0	0	0	0	0	0	0	0	0
21255	0	0	0	0	0	0	0	0	0	0	0	0	0	0	0	0
21288	0	0	0	0	0	0	0	0	0	0	0	0	0	0	0	0
21327	0	0	0	0	0	0	0	0	0	0	0	0	0	0	0	0
21355	0	0	0	0	0	0	0	0	0	0	0	0	0	0	0	0
21389	0	0	0	0	0	0	0	0	0	0	0	0	0	0	0	0
21424	0	0	0	0	0	0	0	0	0	0	0	0	0	0	0	0
21456	0	0	0	0	0	0	0	0	0	0	0	0	0	0	0	0
21489	0	0	0	0	0	0	0	0	0	0	0	0	0	0	0	0
21526	0	0	0	0	0	0	0	0	0	0	0	0	0	0	0	0
21555	0	0	0	0	0	0	0	0	0	0	0	0	0	0	0	0
21593	0	0	0	0	0	0	0	0	0	0	0	0	0	0	0	0
21621	0	0	0	0	0	0	0	0	0	0	0	0	0	0	0	0
21655	0	0	0	0	0	0	0	0	0	0	0	0	0	0	0	0
21693	0	0	0	0	0	0	0	0	0	0	0	0	0	0	0	0
21721	0	0	0	0	0	0	0	0	0	0	0	0	0	0	0	0
21759	0	0	0	0	0	0	0	0	0	0	0	0	0	0	0	0
21788	0	0	0	0	0	0	0	0	0	0	0	0	0	0	0	0
21821	0	0	0	0	0	0	0	0	0	0	0	0	0	0	0	0
21859	0	0	0	0	0	0	0	0	0	0	0	0	0	0	0	0
21892	0	0	0	0	0	0	0	0	0	0	0	0	0	0	0	0
21923	0	0	0	0	0	0	0	0	0	0	0	0	0	0	0	0
21956	0	0	0	0	0	0	0	0	0	0	0	0	0	0	0	0
21990	0	0	0	0	0	0	0	0	0	0	0	0	0	0	0	0
22023	0	0	0	0	0	0	0	0	0	0	0	0	0	0	0	0
22059	0	0	0	0	0	0	0	0	0	0	0	0	0	0	0	0
22091	0	0	0	0	0	0	0	0	0	0	0	0	0	0	0	0
22122	0	0	0	0	0	0	0	0	0	0	0	0	0	0	0	0
22156	0	0	0	0	0	0	0	0	0	0	0	0	0	0	0	0
22189	0	0	0	0	0	0	0	0	0	0	0	0	0	0	0	0
22222	0	0	0	0	0	0	0	0	0	0	0	0	0	0	0	0
22256	0	0	0	0	0	0	0	0	0	0	0	0	0	0	0	0
22289	0	0	0	0	0	0	0	0	0	0	0	0	0	0	0	0
22322	0	0	0	0	0	0	0	0	0	0	0	0	0	0	0	0
22355	0	0	0	0	0	0	0	0	0	0	0	0	0	0	0	0
22388	0	0	0	0	0	0	0	0	0	0	0	0	0	0	0	0
22426	0	0	0	0	0	0	0	0	0	0	0	0	0	0	0	0
22456	0	0	0	0	0	0	0	0	0	0	0	0	0	0	0	0
22493	0	0	0	0	0	0	0	0	0	0	0	0	0	0	0	0
22521	0	0	0	0	0	0	0	0	0	0	0	0	0	0	0	0
22555	0	0	0	0	0	0	0	0	0	0	0	0	0	0	0	0
22592	0	0	0	0	0	0	0	0	0	0	0	0	0	0	0	0
22624	0	0	0	0	0	0	0	0	0	0	0	0	0	0	0	0
22660	0	0	0	0	0	0	0	0	0	0	0	0	0	0	0	0
22693	0	0	0	0	0	0	0	0	0	0	0	0	0	0	0	0
22726	0	0	0	0	0	0	0	0	0	0	0	0	0	0	0	0
22759	0	0	0	0	0	0	0	0	0	0	0	0	0	0	0	0
22793	0	0	0	0	0	0	0	0	0	0	0	0	0	0	0	0
22826	0	0	0	0	0	0	0	0	0	0	0	0	0	0	0	0
22859	0	0	0	0	0	0	0	0	0	0	0	0	0	0	0	0
22892	0	0	0	0	0	0	0	0	0	0	0	0	0	0	0	0
22926	0	0	0	0	0	0	0	0	0	0	0	0	0	0	0	0
22959	0	0	0	0	0	0	0	0	0	0	0	0	0	0	0	0
22993	0	0	0	0	0	0	0	0	0	0	0	0	0	0	0	0
23025	0	0	0	0	0	0	0	0	0	0	0	0	0	0	0	0
23059	0	0	0	0	0	0	0	0	0	0	0	0	0	0	0	0
23092	0	0	0	0	0	0	0	0	0	0	0	0	0	0	0	0
23126	0	0	0	0	0	0	0	0	0	0	0	0	0	0	0	0
23160	0	0	0	0	0	0	0	0	0	0	0	0	0	0	0	0
23193	0	0	0	0	0	0	0	0	0	0	0	0	0	0	0	0
23225	0	0	0	0	0	0	0	0	0	0	0	0	0	0	0	0
23258	0	0	0	0	0	0	0	0	0	0	0	0	0	0	0	0
23292	0	0	0	0	0	0	0	0	0	0	0	0	0	0	0	0
23325	0	0	0	0	0	0	0	0	0	0	0	0	0	0	0	0
23358	0	0	0	0	0	0	0	0	0	0	0	0	0	0	0	0
23391	0	0	0	0	0	0	0	0	0	0	0	0	0	0	0	0
23425	0	0	0	0	0	0	0	0	0	0	0	0	0	0	0	0
23458	0	0	0	0	0	0	0	0	0	0	0	0	0	0	0	0
23491	0	0	0	0	0	0	0	0	0	0	0	0	0	0	0	0
23524	0	0	0	0	0	0	0	0	0	0	0	0	0	0	0	0
23559	0	0	0	0	0	0	0	0	0	0	0	0	0	0	0	0
23591	0	0	0	0	0	0	0	0	0	0	0	0	0	0	0	0
23625	0	0	0	0	0	0	0	0	0	0	0	0	0	0	0	0
23657	0	0	0	0	0	0	0	0	0	0	0	0	0	0	0	0
23692	0	0	0	0	0	0	0	0	0	0	0	0	0	0	0	0
23727	0	0	0	0	0	0	0	0	0	0	0	0	0	0	0	0
23757	0	0	0	0	0	0	0	0	0	0	0	0	0	0	0	0
23792	0	0	0	0	0	0	0	0	0	0	0	0	0	0	0	0
23822	0	0	0	0	0	0	0	0	0	0	0	0	0	0	0	0
23856	0	0	0	0	0	0	0	0	0	0	0	0	0	0	0	0
23890	0	0	0	0	0	0	0	0	0	0	0	0	0	0	0	0
23922	0	0	0	0	0	0	0	0	0	0	0	0	0	0	0	0
23956	0	0	0	0	0	0	0	0	0	0	0	0	0	0	0	0
23990	0	0	0	0	0	0	0	0	0	0	0	0	0	0	0	0
24023	0	0	0	0	0	0	0	0	0	0	0	0	0	0	0	0
24056	0	0	0	0	0	0	0	0	0	0	0	0	0	0	0	0
24089	0	0	0	0	0	0	0	0	0	0	0	0	0	0	0	0
24123	0	0	0	0	0	0	0	0	0	0	0	0	0	0	0	0
24156	0	0	0	0	0	0	0	0	0	0	0	0	0	0	0	0
24189	0	0	0	0	0	0	0	0	0	0	0	0	0	0	0	0
24223	0	0	0	0	0	0	0	0	0	0	0	0	0	0	0	0
24256	0	0	0	0	0	0	0	0	0	0	0	0	0	0	0	0
24290	0	0	0	0	0	0	0	0	0	0	0	0	0	0	0	0
24322	0	0	0	0	0	0	0	0	0	0	0	0	0	0	0	0
24356	0	0	0	0	0	0	0	0	0	0	0	0	0	0	0	0
24389	0	0	0	0	0	0	0	0	0	0	0	0	0	0	0	0
24422	0	0	0	0	0	0	0	0	0	0	0	0	0	0	0	0
24455	0	0	0	0	0	0	0	0	0	0	0	0	0	0	0	0
24489	0	0	0	0	0	0	0	0	0	0	0	0	0	0	0	0
24522	0	0	0	0	0	0	0	0	0	0	0	0	0	0	0	0
24555	0	0	0	0	0	0	0	0	0	0	0	0	0	0	0	0
24589	0	0	0	0	0	0	0	0	0	0	0	0	0	0	0	0
24622	0	0	0	0	0	0	0	0	0	0	0	0	0	0	0	0
24655	0	0	0	0	0	0	0	0	0	0	0	0	0	0	0	0
24690	0	0	0	0	0	0	0	0	0	0	0	0	0	0	0	0
24721	0	0	0	0	0	0	0	0	0	0	0	0	0	0	0	0
24755	0	0	0	0	0	0	1	0	0	0	0	0	0	0	0	0
24794	0	0	0	0	0	0	1	0	0	0	0	0	0	0	0	0
24826	0	0	0	0	0	0	1	0	0	0	0	0	0	0	0	0
24860	0	0	0	0	0	0	0	0	0	0	0	0	0	0	0	0
24888	0	0	0	0	0	0	0	0	0	0	0	0	0	0	0	0
24927	0	0	0	0	0	0	0	0	0	0	0	0	0	0	0	0
24958	0	0	0	0	0	0	0	0	0	0	0	0	0	0	0	0
24993	0	0	0	0	0	0	0	0	0	0	0	0	0	0	0	0
25021	0	0	0	0	0	0	0	0	0	0	0	0	0	0	0	0
25061	0	0	0	0	0	0	0	0	0	0	0	0	0	0	0	0
25088	0	0	0	0	0	0	0	0	0	0	0	0	0	0	0	0
25127	0	0	0	0	0	0	0	0	0	0	0	0	0	0	0	0
25158	0	0	0	0	0	0	0	0	0	0	0	0	0	0	0	0
25188	0	0	0	0	0	0	0	0	0	0	0	0	0	0	0	0
25226	0	0	0	0	0	0	0	0	0	0	0	0	0	0	0	0
25255	0	0	0	0	0	0	0	0	0	0	0	0	0	0	0	0
25294	0	0	0	0	0	0	0	0	0	0	0	0	0	0	0	0
25322	0	0	0	0	0	0	0	0	0	0	0	0	0	0	0	0
25359	0	0	0	0	0	0	0	0	0	0	0	0	0	0	0	0
25393	0	0	0	0	0	0	0	0	0	0	0	0	0	0	0	0
25427	0	0	0	0	0	0	0	0	0	0	0	0	0	0	0	0
25461	0	0	0	0	0	0	0	0	0	0	0	0	0	0	0	0
25493	0	0	0	0	0	0	0	0	0	0	0	0	0	0	0	0
25526	0	0	0	0	0	0	0	0	0	0	0	0	0	0	0	0
25555	0	0	0	0	0	0	0	0	0	0	0	0	0	0	0	0
25593	0	0	0	0	0	0	0	0	0	0	0	0	0	0	0	0
25625	0	0	0	0	0	0	0	0	0	0	0	0	0	0	0	0
25660	0	0	0	0	0	0	0	0	0	0	0	0	0	0	0	0
25694	0	0	0	0	0	0	1	0	0	0	0	0	0	0	0	0
25727	0	0	0	0	0	0	1	0	0	0	0	0	0	0	0	0
25759	0	0	0	0	0	0	0	0	0	0	0	0	0	0	0	0
25790	0	0	0	0	0	0	0	0	0	0	0	0	0	0	0	0
25826	0	0	0	0	0	0	0	0	0	0	0	0	0	0	0	0
25860	0	0	0	0	0	0	0	0	0	0	0	0	0	0	0	0
25891	0	0	0	0	0	0	0	0	0	0	0	0	0	0	0	0
25924	0	0	0	0	0	0	0	0	0	0	0	0	0	0	0	0
25957	0	0	0	0	0	0	0	0	0	0	0	0	0	0	0	0
25992	0	0	0	0	0	0	0	0	0	0	0	0	0	0	0	0
26025	0	0	0	0	0	0	0	0	0	0	0	0	0	0	0	0
26059	0	0	0	0	0	0	0	0	0	0	0	0	0	0	0	0
26089	0	0	0	0	0	0	0	0	0	0	0	0	0	0	0	0
26126	0	0	0	0	0	0	0	0	0	0	0	0	0	0	0	0
26159	0	0	0	0	0	0	0	0	0	0	0	0	0	0	0	0
26190	0	0	0	0	0	0	0	0	0	0	0	0	0	0	0	0
26226	0	0	0	0	0	0	0	0	0	0	0	0	0	0	0	0
26259	0	0	0	0	0	0	0	0	0	0	0	0	0	0	0	0
26292	0	0	0	0	0	0	0	0	0	0	0	0	0	0	0	0
26326	0	0	0	0	0	0	0	0	0	0	0	0	0	0	0	0
26358	0	0	0	0	0	0	0	0	0	0	0	0	0	0	0	0
26392	0	0	0	0	0	0	0	0	0	0	0	0	0	0	0	0
26426	0	0	0	0	0	0	1	0	0	0	0	0	0	0	0	0
26460	0	0	0	0	0	0	1	0	0	0	0	0	0	0	0	0
26492	0	0	0	0	0	0	1	0	0	0	0	0	0	0	0	0
26525	0	0	0	0	0	0	0	0	0	0	0	0	0	0	0	0
26558	0	0	0	0	0	0	0	0	0	0	0	0	0	0	0	0
26593	0	0	0	0	0	0	0	0	0	0	0	0	0	0	0	0
26626	0	0	0	0	0	0	0	0	0	0	0	0	0	0	0	0
26660	0	0	0	0	0	0	0	0	0	0	0	0	0	0	0	0
26689	0	0	0	0	0	0	0	0	0	0	0	0	0	0	0	0
26724	0	0	0	0	0	0	0	0	0	0	0	0	0	0	0	0
26757	0	0	0	0	0	0	0	0	0	0	0	0	0	0	0	0
26790	0	0	0	0	0	0	0	0	0	0	0	0	0	0	0	0
26825	0	0	0	0	0	0	0	0	0	0	0	0	0	0	0	0
26855	0	0	0	0	0	0	0	0	0	0	0	0	0	0	0	0
26890	0	0	0	0	0	0	0	0	0	0	0	0	0	0	0	0
26927	0	0	0	0	0	0	0	0	0	0	0	0	0	0	0	0
26957	0	0	0	0	0	0	0	0	0	0	0	0	0	0	0	0
26990	0	0	0	0	0	0	0	0	0	0	0	0	0	0	0	0
27024	0	0	0	0	0	0	0	0	0	0	0	0	0	0	0	0
27055	0	0	0	0	0	0	0	0	0	0	0	0	0	0	0	0
27090	0	0	0	0	0	0	0	0	0	0	0	0	0	0	0	0
27123	0	0	0	0	0	0	0	0	0	0	0	0	0	0	0	0
27157	0	0	0	0	0	0	0	0	0	0	0	0	0	0	0	0
27190	0	0	0	0	0	0	0	0	0	0	0	0	0	0	0	0
27223	0	0	0	0	0	0	0	0	0	0	0	0	0	0	0	0
27254	0	0	0	0	0	0	1	0	0	0	0	0	0	0	0	0
27290	0	0	0	0	0	0	1	0	0	0	0	0	0	0	0	0
27323	0	0	0	0	0	0	1	0	0	0	0	0	0	0	0	0
27356	0	0	0	0	0	0	0	0	0	0	0	0	0	0	0	0
27389	0	0	0	0	0	0	0	0	0	0	0	0	0	0	0	0
27426	0	0	0	0	0	0	0	0	0	0	0	0	0	0	0	0
27455	0	0	0	0	0	0	0	0	0	0	0	0	0	0	0	0
27492	0	0	0	0	0	0	0	0	0	0	0	0	0	0	0	0
27522	0	0	0	0	0	0	0	0	0	0	0	0	0	0	0	0
27557	0	0	0	0	0	0	0	0	0	0	0	0	0	0	0	0
27594	0	0	0	0	0	0	0	0	0	0	0	0	0	0	0	0
27622	0	0	0	0	0	0	0	0	0	0	0	0	0	0	0	0
27659	0	0	0	0	0	0	0	0	0	0	0	0	0	0	0	0
27691	0	0	0	0	0	0	0	0	0	0	0	0	0	0	0	0
27727	0	0	0	0	0	0	0	0	0	0	0	0	0	0	0	0
27757	0	0	0	0	0	0	0	0	0	0	0	0	0	0	0	0
27790	0	0	0	0	0	0	0	0	0	0	0	0	0	0	0	0
27822	0	0	0	0	0	0	0	0	0	0	0	0	0	0	0	0
27855	0	0	0	0	0	0	0	0	0	0	0	0	0	0	0	0
27894	0	0	0	0	0	0	0	0	0	0	0	0	0	0	0	0
27922	0	0	0	0	0	0	0	0	0	0	0	0	0	0	0	0
27961	0	0	0	0	0	0	0	0	0	0	0	0	0	0	0	0
27993	0	0	0	0	0	0	0	0	0	0	0	0	0	0	0	0
28023	0	0	0	0	0	0	0	0	0	0	0	0	0	0	0	0
28056	0	0	0	0	0	0	0	0	0	0	0	0	0	0	0	0
28090	0	0	0	0	0	0	0	0	0	0	0	0	0	0	0	0
28127	0	0	0	0	0	0	0	0	0	0	0	0	0	0	0	0
28160	0	0	0	0	0	0	0	0	0	0	0	0	0	0	0	0
28189	0	0	0	0	0	0	0	0	0	0	0	0	0	0	0	0
28224	0	0	0	0	0	0	0	0	0	0	0	0	0	0	0	0
28257	0	0	0	0	0	0	0	0	0	0	0	0	0	0	0	0
28290	0	0	0	0	0	0	0	0	0	0	0	0	0	0	0	0
28325	0	0	0	0	0	0	0	0	0	0	0	0	0	0	0	0
28359	0	0	0	0	0	0	0	0	0	0	0	0	0	0	0	0
28391	0	0	0	0	0	0	0	0	0	0	0	0	0	0	0	0
28423	0	0	0	0	0	0	0	0	0	0	0	0	0	0	0	0
28459	0	0	0	0	0	0	0	0	0	0	0	0	0	0	0	0
28492	0	0	0	0	0	0	0	0	0	0	0	0	0	0	0	0
28526	0	0	0	0	0	0	0	0	0	0	0	0	0	0	0	0
28555	0	0	0	0	0	0	0	0	0	0	0	0	0	0	0	0
28592	0	0	0	0	0	0	0	0	0	0	0	0	0	0	0	0
28624	0	0	0	0	0	0	0	0	0	0	0	0	0	0	0	0
28657	0	0	0	0	0	0	0	0	0	0	0	0	0	0	0	0
28693	0	0	0	0	0	0	0	0	0	0	0	0	0	0	0	0
28722	0	0	0	0	0	0	0	0	0	0	0	0	0	0	0	0
28758	0	0	0	0	0	0	0	0	0	0	0	0	0	0	0	0
28791	0	0	0	0	0	0	0	0	0	0	0	0	0	0	0	0
28823	0	0	0	0	0	0	0	0	0	0	0	0	0	0	0	0
28858	0	0	0	0	0	0	0	0	0	0	0	0	0	0	0	0
28889	0	0	0	0	0	0	0	0	0	0	0	0	0	0	0	0
28926	0	0	0	0	0	0	0	0	0	0	0	0	0	0	0	0
28960	0	0	0	0	0	0	0	0	0	0	0	0	0	0	0	0
28989	0	0	0	0	0	0	0	0	0	0	0	0	0	0	0	0
29027	0	0	0	0	0	0	0	0	0	0	0	0	0	0	0	0
29059	0	0	0	0	0	0	0	0	0	0	0	0	0	0	0	0
29089	0	0	0	0	0	0	0	0	0	0	0	0	0	0	0	0
29123	0	0	0	0	0	0	0	0	0	0	0	0	0	0	0	0
29159	0	0	0	0	0	0	0	0	0	0	0	0	0	0	0	0
29192	0	0	0	0	0	0	0	0	0	0	0	0	0	0	0	0
29225	0	0	0	0	0	0	0	0	0	0	0	0	0	0	0	0
29255	0	0	0	0	0	0	0	0	0	0	0	0	0	0	0	0
29292	0	0	0	0	0	0	0	0	0	0	0	0	0	0	0	0
29322	0	0	0	0	0	0	0	0	0	0	0	0	0	0	0	0
29360	0	0	0	0	0	0	0	0	0	0	0	0	0	0	0	0
29389	0	0	0	0	0	0	0	0	0	0	0	0	0	0	0	0
29427	0	0	0	0	0	0	0	0	0	0	0	0	0	0	0	0
29455	0	0	0	0	0	0	0	0	0	0	0	0	0	0	0	0
29494	0	0	0	0	0	0	0	0	0	0	0	0	0	0	0	0
29522	0	0	0	0	0	0	0	0	0	0	0	0	0	0	0	0
29560	0	0	0	0	0	0	0	0	0	0	0	0	0	0	0	0
29593	0	0	0	0	0	0	0	0	0	0	0	0	0	0	0	0
29621	0	0	0	0	0	0	0	0	0	0	0	0	0	0	0	0
29655	0	0	0	0	0	0	0	0	0	0	0	0	0	0	0	0
29693	0	0	0	0	0	0	0	0	0	0	0	0	0	0	0	0
29726	0	0	0	0	0	0	0	0	0	0	0	0	0	0	0	0
29760	0	0	0	0	0	0	0	0	0	0	0	0	0	0	0	0
29793	0	0	0	0	0	0	0	0	0	0	0	0	0	0	0	0
29826	0	0	0	0	0	0	0	0	0	0	0	0	0	0	0	0
29859	0	0	0	0	0	0	0	0	0	0	0	0	0	0	0	0
29892	0	0	0	0	0	0	0	0	0	0	0	0	0	0	0	0
29926	0	0	0	0	0	0	0	0	0	0	0	0	0	0	0	0
29959	0	0	0	0	0	0	0	0	0	0	0	0	0	0	0	0
29992	0	0	0	0	0	0	0	0	0	0	0	0	0	0	0	0
30025	0	0	0	0	0	0	0	0	0	0	0	0	0	0	0	0
30059	0	0	0	0	0	0	0	0	0	0	0	0	0	0	0	0
30093	0	0	0	0	0	0	0	0	0	0	0	0	0	0	0	0
30125	0	0	0	0	0	0	0	0	0	0	0	0	0	0	0	0
30160	0	0	0	0	0	0	0	0	0	0	0	0	0	0	0	0
30192	0	0	0	0	0	0	0	0	0	0	0	0	0	0	0	0
30225	0	0	0	0	0	0	0	0	0	0	0	0	0	0	0	0
30260	0	0	0	0	0	0	0	0	0	0	0	0	0	0	0	0
30292	0	0	0	0	0	0	0	0	0	0	0	0	0	0	0	0
30325	0	0	0	0	0	0	0	0	0	0	0	0	0	0	0	0
30358	0	0	0	0	0	0	0	0	0	0	0	0	0	0	0	0
30391	0	0	0	0	0	0	0	0	0	0	0	0	0	0	0	0
30424	0	0	0	0	0	0	0	0	0	0	0	0	0	0	0	0
30458	0	0	0	0	0	0	0	0	0	0	0	0	0	0	0	0
30493	0	0	0	0	0	0	0	0	0	0	0	0	0	0	0	0
30526	0	0	0	0	0	0	0	0	0	0	0	0	0	0	0	0
30559	0	0	0	0	0	0	0	0	0	0	0	0	0	0	0	0
30593	0	0	0	0	0	0	0	0	0	0	0	0	0	0	0	0
30624	0	0	0	0	0	0	0	0	0	0	0	0	0	0	0	0
30657	0	0	0	0	0	0	0	0	0	0	0	0	0	0	0	0
30691	0	0	0	0	0	0	0	0	0	0	0	0	0	0	0	0
30724	0	0	0	0	0	0	0	0	0	0	0	0	0	0	0	0
30757	0	0	0	0	0	0	0	0	0	0	0	0	0	0	0	0
30792	0	0	0	0	0	0	0	0	0	0	0	0	0	0	0	0
30825	0	0	0	0	0	0	0	0	0	0	0	0	0	0	0	0
30860	0	0	0	0	0	0	0	0	0	0	0	0	0	0	0	0
30890	0	0	0	0	0	0	0	0	0	0	0	0	0	0	0	0
30926	0	0	0	0	0	0	0	0	0	0	0	0	0	0	0	0
30957	0	0	0	0	0	0	0	0	0	0	0	0	0	0	0	0
30990	0	0	0	0	0	0	0	0	0	0	0	0	0	0	0	0
31023	0	0	0	0	0	0	0	0	0	0	0	0	0	0	0	0
31056	0	0	0	0	0	0	0	0	0	0	0	0	0	0	0	0
31090	0	0	0	0	0	0	0	0	0	0	0	0	0	0	0	0
31123	0	0	0	0	0	0	0	0	0	0	0	0	0	0	0	0
31156	0	0	0	0	0	0	0	0	0	0	0	0	0	0	0	0
31189	0	0	0	0	0	0	0	0	0	0	0	0	0	0	0	0
31223	0	0	0	0	0	0	0	0	0	0	0	0	0	0	0	0
31256	0	0	0	0	0	0	0	0	0	0	0	0	0	0	0	0
31289	0	0	0	0	0	0	0	0	0	0	0	0	0	0	0	0
31322	0	0	0	0	0	0	0	0	0	0	0	0	0	0	0	0
31356	0	0	0	0	0	0	0	0	0	0	0	0	0	0	0	0
31389	0	0	0	0	0	0	0	0	0	0	0	0	0	0	0	0
31422	0	0	0	0	0	0	0	0	0	0	0	0	0	0	0	0
31460	0	0	0	0	0	0	0	0	0	0	0	0	0	0	0	0
31489	0	0	0	0	0	0	0	0	0	0	0	0	0	0	0	0
31522	0	0	0	0	0	0	0	0	0	0	0	0	0	0	0	0
31561	0	0	0	0	0	0	0	0	0	0	0	0	0	0	0	0
31589	0	0	0	0	0	0	0	0	0	0	0	0	0	0	0	0
31622	0	0	0	0	0	0	0	0	0	0	0	0	0	0	0	0
31655	0	0	0	0	0	0	0	0	0	0	0	0	0	0	0	0
31690	0	0	0	0	0	0	0	0	0	0	0	0	0	0	0	0
31727	0	0	0	0	0	0	0	0	0	0	0	0	0	0	0	0
31755	0	0	0	0	0	0	0	0	0	0	0	0	0	0	0	0
31793	0	0	0	0	0	0	0	0	0	0	0	0	0	0	0	0
31826	0	0	0	0	0	0	0	0	0	0	0	0	0	0	0	0
31860	0	0	0	0	0	0	0	0	0	0	0	0	0	0	0	0
31889	0	0	0	0	0	0	0	0	0	0	0	0	0	0	0	0
31924	0	0	0	0	0	0	0	0	0	0	0	0	0	0	0	0
31957	0	0	0	0	0	0	0	0	0	0	0	0	0	0	0	0
31994	0	0	0	0	0	0	0	0	0	0	0	0	0	0	0	0
32022	0	0	0	0	0	0	0	0	0	0	0	0	0	0	0	0
32060	0	0	0	0	0	0	0	0	0	0	0	0	0	0	0	0
32089	0	0	0	0	0	0	0	0	0	0	0	0	0	0	0	0
32127	0	0	0	0	0	0	0	0	0	0	0	0	0	0	0	0
32160	0	0	0	0	0	0	0	0	0	0	0	0	0	0	0	0
32193	0	0	0	0	0	0	0	0	0	0	0	0	0	0	0	0
32226	0	0	0	0	0	0	0	0	0	0	0	0	0	0	0	0
32255	0	0	0	0	0	0	0	0	0	0	0	0	0	0	0	0
32294	0	0	0	0	0	0	0	0	0	0	0	0	0	0	0	0
32327	0	0	0	0	0	0	0	0	0	0	0	0	0	0	0	0
32360	0	0	0	0	0	0	0	0	0	0	0	0	0	0	0	0
32390	0	0	0	0	0	0	0	0	0	0	0	0	0	0	0	0
32427	0	0	0	0	0	0	0	0	0	0	0	0	0	0	0	0
32460	0	0	0	0	0	0	0	0	0	0	0	0	0	0	0	0
32488	0	0	0	0	0	0	0	0	0	0	0	0	0	0	0	0
32526	0	0	0	0	0	0	0	0	0	0	0	0	0	0	0	0
32559	0	0	0	0	0	0	0	0	0	0	0	0	0	0	0	0
32594	0	0	0	0	0	0	0	0	0	0	0	0	0	0	0	0
32621	0	0	0	0	0	0	0	0	0	0	0	0	0	0	0	0
32660	0	0	0	0	0	0	0	0	0	0	0	0	0	0	0	0
32693	0	0	0	0	0	0	0	0	0	0	0	0	0	0	0	0
32726	0	0	0	0	0	0	0	0	0	0	0	0	0	0	0	0
32758	0	0	0	0	0	0	0	0	0	0	0	0	0	0	0	0
32793	0	0	0	0	0	0	0	0	0	0	0	0	0	0	0	0
32826	0	0	0	0	0	0	0	0	0	0	0	0	0	0	0	0
32860	0	0	0	0	0	0	0	0	0	0	0	0	0	0	0	0
32893	0	0	0	0	0	0	0	0	0	0	0	0	0	0	0	0
32926	0	0	0	0	0	0	0	0	0	0	0	0	0	0	0	0
32959	0	0	0	0	0	0	0	0	0	0	0	0	0	0	0	0
32992	0	0	0	0	0	0	0	0	0	0	0	0	0	0	0	0
33023	0	0	0	0	0	0	0	0	0	0	0	0	0	0	0	0
33059	0	0	0	0	0	0	0	0	0	0	0	0	0	0	0	0
33092	0	0	0	0	0	0	0	0	0	0	0	0	0	0	0	0
33125	0	0	0	0	0	0	0	0	0	0	0	0	0	0	0	0
33158	0	0	0	0	0	0	0	0	0	0	0	0	0	0	0	0
33191	0	0	0	0	0	0	0	0	0	0	0	0	0	0	0	0
33225	0	0	0	0	0	0	0	0	0	0	0	0	0	0	0	0
33258	0	0	0	0	0	0	0	0	0	0	0	0	0	0	0	0
33292	0	0	0	0	0	0	0	0	0	0	0	0	0	0	0	0
33325	0	0	0	0	0	0	0	0	0	0	0	0	0	0	0	0
33360	0	0	0	0	0	0	0	0	0	0	0	0	0	0	0	0
33390	0	0	0	0	0	0	0	0	0	0	0	0	0	0	0	0
33426	0	0	0	0	0	0	0	0	0	0	0	0	0	0	0	0
33460	0	0	0	0	0	0	0	0	0	0	0	0	0	0	0	0
33490	0	0	0	0	0	0	0	0	0	0	0	0	0	0	0	0
33525	0	0	0	0	0	0	0	0	0	0	0	0	0	0	0	0
33558	0	0	0	0	0	0	0	0	0	0	0	0	0	0	0	0
33591	0	0	0	0	0	0	0	0	0	0	0	0	0	0	0	0
33625	0	0	0	0	0	0	0	0	0	0	0	0	0	0	0	0
33658	0	0	0	0	0	0	0	0	0	0	0	0	0	0	0	0
33691	0	0	0	0	0	0	0	0	0	0	0	0	0	0	0	0
33724	0	0	0	0	0	0	0	0	0	0	0	0	0	0	0	0
33758	0	0	0	0	0	0	0	0	0	0	0	0	0	0	0	0
33789	0	0	0	0	0	0	0	0	0	0	0	0	0	0	0	0
33824	0	0	0	0	0	0	0	0	0	0	0	0	0	0	0	0
33858	0	0	0	0	0	0	0	0	0	0	0	0	0	0	0	0
33890	0	0	0	0	0	0	0	0	0	0	0	0	0	0	0	0
33926	0	0	0	0	0	0	0	0	0	0	0	0	0	0	0	0
33959	0	0	0	0	0	0	0	0	0	0	0	0	0	0	0	0
33990	0	0	0	0	0	0	0	0	0	0	0	0	0	0	0	0
34023	0	0	0	0	0	0	0	0	0	0	0	0	0	0	0	0
34057	0	0	0	0	0	0	0	0	0	0	0	0	0	0	0	0
34093	0	0	0	0	0	0	0	0	0	0	0	0	0	0	0	0
34123	0	0	0	0	0	0	0	0	0	0	0	0	0	0	0	0
34157	0	0	0	0	0	0	0	0	0	0	0	0	0	0	0	0
34193	0	0	0	0	0	0	0	0	0	0	0	0	0	0	0	0
34223	0	0	0	0	0	0	0	0	0	0	0	0	0	0	0	0
34256	0	0	0	0	0	0	0	0	0	0	0	0	0	0	0	0
34290	0	0	0	0	0	0	0	0	0	0	0	0	0	0	0	0
34323	0	0	0	0	0	0	0	0	0	0	0	0	0	0	0	0
34355	0	0	0	0	0	0	0	0	0	0	0	0	0	0	0	0
34389	0	0	0	0	0	0	0	0	0	0	0	0	0	0	0	0
34422	0	0	0	0	0	0	0	0	0	0	0	0	0	0	0	0
34456	0	0	0	0	0	0	0	0	0	0	0	0	0	0	0	0
34488	0	0	0	0	0	0	0	0	0	0	0	0	0	0	0	0
34526	0	0	0	0	0	0	0	0	0	0	0	0	0	0	0	0
34556	0	0	0	0	0	0	0	0	0	0	0	0	0	0	0	0
34594	0	0	0	0	0	0	0	0	0	0	0	0	0	0	0	0
34623	0	0	0	0	0	0	0	0	0	0	0	0	0	0	0	0
34656	0	0	0	0	0	0	0	0	0	0	0	0	0	0	0	0
34689	0	0	0	0	0	0	0	0	0	0	0	0	0	0	0	0
34722	0	0	0	0	0	0	0	0	0	0	0	0	0	0	0	0
34755	0	0	0	0	0	0	0	0	0	0	0	0	0	0	0	0
34794	0	0	0	0	0	0	0	0	0	0	0	0	0	0	0	0
34823	0	0	0	0	0	0	0	0	0	0	0	0	0	0	0	0
34860	0	0	0	0	0	0	0	0	0	0	0	0	0	0	0	0
34889	0	0	0	0	0	0	0	0	0	0	0	0	0	0	0	0
34924	0	0	0	0	0	0	0	0	0	0	0	0	0	0	0	0
34955	0	0	0	0	0	0	0	0	0	0	0	0	0	0	0	0
34990	0	0	0	0	0	0	0	0	0	0	0	0	0	0	0	0
35026	0	0	0	0	0	0	0	0	0	0	0	0	0	0	0	0
35055	0	0	0	0	0	0	0	0	0	0	0	0	0	0	0	0
35091	0	0	0	0	0	0	0	0	0	0	0	0	0	0	0	0
35122	0	0	0	0	0	0	0	0	0	0	0	0	0	0	0	0
35160	0	0	0	0	0	0	0	0	0	0	0	0	0	0	0	0
35192	0	0	0	0	0	0	0	0	0	0	0	0	0	0	0	0
35224	0	0	0	0	0	0	0	0	0	0	0	0	0	0	0	0
35260	0	0	0	0	0	0	0	0	0	0	0	0	0	0	0	0
35289	0	0	0	0	0	0	0	0	0	0	0	0	0	0	0	0
35322	0	0	0	0	0	0	0	0	0	0	0	0	0	0	0	0
35360	0	0	0	0	0	0	0	0	0	0	0	0	0	0	0	0
35393	0	0	0	0	0	0	0	0	0	0	0	0	0	0	0	0
35422	0	0	0	0	0	0	0	0	0	0	0	0	0	0	0	0
35458	0	0	0	0	0	0	0	0	0	0	0	0	0	0	0	0
35491	0	0	0	0	0	0	0	0	0	0	0	0	0	0	0	0
35525	0	0	0	0	0	0	0	0	0	0	0	0	0	0	0	0
35556	0	0	0	0	0	0	0	0	0	0	0	0	0	0	0	0
35592	0	0	0	0	0	0	0	0	0	0	0	0	0	0	0	0
35622	0	0	0	0	0	0	0	0	0	0	0	0	0	0	0	0
35661	0	0	0	0	0	0	0	0	0	0	0	0	0	0	0	0
35689	0	0	0	0	0	0	0	0	0	0	0	0	0	0	0	0
35725	0	0	0	0	0	0	0	0	0	0	0	0	0	0	0	0
35757	0	0	0	0	0	0	0	0	0	0	0	0	0	0	0	0
35792	0	0	0	0	0	0	0	0	0	0	0	0	0	0	0	0
35825	0	0	0	0	0	0	0	0	0	0	0	0	0	0	0	0
35858	0	0	0	0	0	0	0	0	0	0	0	0	0	0	0	0
35889	0	0	0	0	0	0	0	0	0	0	0	0	0	0	0	0
35923	0	0	0	0	0	0	0	0	0	0	0	0	0	0	0	0
35959	0	0	0	0	0	0	0	0	0	0	0	0	0	0	0	0
35989	0	0	0	0	0	0	0	0	0	0	0	0	0	0	0	0
36025	0	0	0	0	0	0	0	0	0	0	0	0	0	0	0	0
36056	0	0	0	0	0	0	0	0	0	0	0	0	0	0	0	0
36093	0	0	0	0	0	0	0	0	0	0	0	0	0	0	0	0
36122	0	0	0	0	0	0	0	0	0	0	0	0	0	0	0	0
36158	0	0	0	0	0	0	0	0	0	0	0	0	0	0	0	0
36189	0	0	0	0	0	0	0	0	0	0	0	0	0	0	0	0
36222	0	0	0	0	0	0	0	0	0	0	0	0	0	0	0	0
36255	0	0	0	0	0	0	0	0	0	0	0	0	0	0	0	0
36292	0	0	0	0	0	0	0	0	0	0	0	0	0	0	0	0
36322	0	0	0	0	0	0	0	0	0	0	0	0	0	0	0	0
36360	0	0	0	0	0	0	0	0	0	0	0	0	0	0	0	0
36389	0	0	0	0	0	0	0	0	0	0	0	0	0	0	0	0
36427	0	0	0	0	0	0	0	0	0	0	0	0	0	0	0	0
36455	0	0	0	0	0	0	0	0	0	0	0	0	0	0	0	0
36494	0	0	0	0	0	0	0	0	0	0	0	0	0	0	0	0
36527	0	0	0	0	0	0	0	0	0	0	0	0	0	0	0	0
36559	0	0	0	0	0	0	0	0	0	0	0	0	0	0	0	0
36593	0	0	0	0	0	0	0	0	0	0	0	0	0	0	0	0
36625	0	0	0	0	0	0	0	0	0	0	0	0	0	0	0	0
36659	0	0	0	0	0	0	0	0	0	0	0	0	0	0	0	0
36693	0	0	0	0	0	0	0	0	0	0	0	0	0	0	0	0
36725	0	0	0	0	0	0	0	0	0	0	0	0	0	0	0	0
36760	0	0	0	0	0	0	0	0	0	0	0	0	0	0	0	0
36793	0	0	0	0	0	0	0	0	0	0	0	0	0	0	0	0
36826	0	0	0	0	0	0	0	0	0	0	0	0	0	0	0	0
36859	0	0	0	0	0	0	0	0	0	0	0	0	0	0	0	0
36892	0	0	0	0	0	0	0	0	0	0	0	0	0	0	0	0
36926	0	0	0	0	0	0	0	0	0	0	0	0	0	0	0	0
36959	0	0	0	0	0	0	0	0	0	0	0	0	0	0	0	0
36991	0	0	0	0	0	0	0	0	0	0	0	0	0	0	0	0
37026	0	0	0	0	0	0	0	0	0	0	0	0	0	0	0	0
37059	0	0	0	0	0	0	0	0	0	0	0	0	0	0	0	0
37092	0	0	0	0	0	0	0	0	0	0	0	0	0	0	0	0
37126	0	0	0	0	0	0	0	0	0	0	0	0	0	0	0	0
37160	0	0	0	0	0	0	0	0	0	0	0	0	0	0	0	0
37193	0	0	0	0	0	0	0	0	0	0	0	0	0	0	0	0
37225	0	0	0	0	0	0	0	0	0	0	0	0	0	0	0	0
37258	0	0	0	0	0	0	0	0	0	0	0	0	0	0	0	0
37293	0	0	0	0	0	0	0	0	0	0	0	0	0	0	0	0
37326	0	0	0	0	0	0	0	0	0	0	0	0	0	0	0	0
37358	0	0	0	0	0	0	0	0	0	0	0	0	0	0	0	0
37392	0	0	0	0	0	0	0	0	0	0	0	0	0	0	0	0
37425	0	0	0	0	0	0	0	0	0	0	0	0	0	0	0	0
37460	0	0	0	0	0	0	0	0	0	0	0	0	0	0	0	0
37492	0	0	0	0	0	0	0	0	0	0	0	0	0	0	0	0
37524	0	0	0	0	0	0	0	0	0	0	0	0	0	0	0	0
37557	0	0	0	0	0	0	0	0	0	0	0	0	0	0	0	0
37590	0	0	0	0	0	0	0	0	0	0	0	0	0	0	0	0
37624	0	0	0	0	0	0	0	0	0	0	0	0	0	0	0	0
37658	0	0	0	0	0	0	0	0	0	0	0	0	0	0	0	0
37690	0	0	0	0	0	0	0	0	0	0	0	0	0	0	0	0
37724	0	0	0	0	0	0	0	0	0	0	0	0	0	0	0	0
37758	0	0	0	0	0	0	0	0	0	0	0	0	0	0	0	0
37790	0	0	0	0	0	0	0	0	0	0	0	0	0	0	0	0
37825	0	0	0	0	0	0	0	0	0	0	0	0	0	0	0	0
37859	0	0	0	0	0	0	0	0	0	0	0	0	0	0	0	0
37891	0	0	0	0	0	0	0	0	0	0	0	0	0	0	0	0
37925	0	0	0	0	0	0	0	0	0	0	0	0	0	0	0	0
37959	0	0	0	0	0	0	0	0	0	0	0	0	0	0	0	0
37991	0	0	0	0	0	0	0	0	0	0	0	0	0	0	0	0
38023	0	0	0	0	0	0	0	0	0	0	0	0	0	0	0	0
38057	0	0	0	0	0	0	0	0	0	0	0	0	0	0	0	0
38093	0	0	0	0	0	0	0	0	0	0	0	0	0	0	0	0
38123	0	0	0	0	0	0	0	0	0	0	0	0	0	0	0	0
38156	0	0	0	0	0	0	0	0	0	0	0	0	0	0	0	0
38190	0	0	0	0	0	0	0	0	0	0	0	0	0	0	0	0
38223	0	0	0	0	0	0	0	0	0	0	0	0	0	0	0	0
38255	0	0	0	0	0	0	0	0	0	0	0	0	0	0	0	0
38289	0	0	0	0	0	0	0	0	0	0	0	0	0	0	0	0
38323	0	0	0	0	0	0	0	0	0	0	0	0	0	0	0	0
38359	0	0	0	0	0	0	0	0	0	0	0	0	0	0	0	0
38394	0	0	0	0	0	0	0	0	0	0	0	0	0	0	0	0
38426	0	0	0	0	0	0	0	0	0	0	0	0	0	0	0	0
38459	0	0	0	0	0	0	0	0	0	0	0	0	0	0	0	0
38492	0	0	0	0	0	0	0	0	0	0	0	0	0	0	0	0
38525	0	0	0	0	0	0	0	0	0	0	0	0	0	0	0	0
38559	0	0	0	0	0	0	0	0	0	0	0	0	0	0	0	0
38592	0	0	0	0	0	0	0	0	0	0	0	0	0	0	0	0
38622	0	0	0	0	0	0	0	0	0	0	0	0	0	0	0	0
38655	0	0	0	0	0	0	0	0	0	0	0	0	0	0	0	0
38694	0	0	0	0	0	0	0	0	0	0	0	0	0	0	0	0
38722	0	0	0	0	0	0	0	0	0	0	0	0	0	0	0	0
38761	0	0	0	0	0	0	0	0	0	0	0	0	0	0	0	0
38789	0	0	0	0	0	0	0	0	0	0	0	0	0	0	0	0
38828	0	0	0	0	0	0	0	0	0	0	0	0	0	0	0	0
38856	0	0	0	0	0	0	0	0	0	0	0	0	0	0	0	0
38889	0	0	0	0	0	0	0	0	0	0	0	0	0	0	0	0
38927	0	0	0	0	0	0	0	0	0	0	0	0	0	0	0	0
38957	0	0	0	0	0	0	0	0	0	0	0	0	0	0	0	0
38991	0	0	0	0	0	0	0	0	0	0	0	0	0	0	0	0
39027	0	0	0	0	0	0	0	0	0	0	0	0	0	0	0	0
39060	0	0	0	0	0	0	0	0	0	0	0	0	0	0	0	0
39089	0	0	0	0	0	0	0	0	0	0	0	0	0	0	0	0
39127	0	0	0	0	0	0	0	0	0	0	0	0	0	0	0	0
39156	0	0	0	0	0	0	0	0	0	0	0	0	0	0	0	0
39191	0	0	0	0	0	0	0	0	0	0	0	0	0	0	0	0
39225	0	0	0	0	0	0	0	0	0	0	0	0	0	0	0	0
39259	0	0	0	0	0	0	0	0	0	0	0	0	0	0	0	0
39288	0	0	0	0	0	0	0	0	0	0	0	0	0	0	0	0
39327	0	0	0	0	0	0	0	0	0	0	0	0	0	0	0	0
39360	0	0	0	0	0	0	0	0	0	0	0	0	0	0	0	0
39393	0	0	0	0	0	0	0	0	0	0	0	0	0	0	0	0
39422	0	0	0	0	0	0	0	0	0	0	0	0	0	0	0	0
39459	0	0	0	0	0	0	0	0	0	0	0	0	0	0	0	0
39493	0	0	0	0	0	0	0	0	0	0	0	0	0	0	0	0
39526	0	0	0	0	0	0	0	0	0	0	0	0	0	0	0	0
39559	0	0	0	0	0	0	0	0	0	0	0	0	0	0	0	0
39593	0	0	0	0	0	0	0	0	0	0	0	0	0	0	0	0
39627	0	0	0	0	0	0	0	0	0	0	0	0	0	0	0	0
39659	0	0	0	0	0	0	0	0	0	0	0	0	0	0	0	0
39693	0	0	0	0	0	0	0	0	0	0	0	0	0	0	0	0
39723	0	0	0	0	0	0	0	0	0	0	0	0	0	0	0	0
39760	0	0	0	0	0	0	0	0	0	0	0	0	0	0	0	0
39789	0	0	0	0	0	0	0	0	0	0	0	0	0	0	0	0
39824	0	0	0	0	0	0	0	0	0	0	0	0	0	0	0	0
39859	0	0	0	0	0	0	0	0	0	0	0	0	0	0	0	0
39891	0	0	0	0	0	0	0	0	0	0	0	0	0	0	0	0
39926	0	0	0	0	0	0	0	0	0	0	0	0	0	0	0	0
39959	0	0	0	0	0	0	0	0	0	0	0	0	0	0	0	0
39991	0	0	0	0	0	0	0	0	0	0	0	0	0	0	0	0
40026	0	0	0	0	0	0	0	1	0	0	0	0	1	0	0	0
40060	0	0	0	0	0	0	0	1	0	0	0	0	1	0	0	0
40093	0	0	0	0	0	0	0	1	0	0	0	0	1	0	0	0
40125	0	0	0	0	0	0	0	1	0	0	0	0	1	0	0	0
40158	0	0	0	0	0	0	0	0	0	0	0	0	0	0	0	0
40192	0	0	0	0	0	0	0	0	0	0	0	0	0	0	0	0
40225	0	0	0	0	0	0	0	0	0	0	0	0	0	0	0	0
40258	0	0	0	0	0	0	0	0	0	0	0	0	0	0	0	0
40292	0	0	0	0	0	0	0	0	0	0	0	0	0	0	0	0
40325	0	0	0	0	0	0	0	0	0	0	0	0	0	0	0	0
40358	0	0	0	0	0	0	0	0	0	0	0	0	0	0	0	0
40393	0	0	0	0	0	0	0	0	0	0	0	0	0	0	0	0
40424	0	0	0	0	0	0	0	0	0	0	0	0	0	0	0	0
40458	0	0	0	0	0	0	0	0	0	0	0	0	0	0	0	0
40490	0	0	0	0	0	0	0	0	0	0	0	0	0	0	0	0
40524	0	0	0	0	0	0	0	0	0	0	0	0	0	0	0	0
40557	0	0	0	0	0	0	0	0	0	0	0	0	0	0	0	0
40594	0	0	0	0	0	0	0	0	0	0	0	0	0	0	0	0
40626	0	0	0	0	0	0	0	0	0	0	0	0	0	0	0	0
40657	0	0	0	0	0	0	0	0	0	0	0	0	0	0	0	0
40691	0	0	0	0	0	0	0	0	0	0	0	0	0	0	0	0
40724	0	0	0	0	0	0	0	0	0	0	0	0	0	0	0	0
40758	0	0	0	0	0	0	0	0	0	0	0	0	0	0	0	0
40791	0	0	0	0	0	0	0	0	0	0	0	0	0	0	0	0
40823	0	0	0	0	0	0	0	0	0	0	0	0	0	0	0	0
40856	0	0	0	0	0	0	0	0	0	0	0	0	0	0	0	0
40891	0	0	0	0	0	0	0	0	0	0	0	0	0	0	0	0
40922	0	0	0	0	0	0	0	0	0	0	0	0	0	0	0	0
40957	0	0	0	0	0	0	0	0	0	0	0	0	0	0	0	0
40989	0	0	0	0	0	0	0	0	0	0	0	0	0	0	0	0
41022	0	0	0	0	0	0	0	0	0	0	0	0	0	0	0	0
41057	0	0	0	0	0	0	0	0	0	0	0	0	0	0	0	0
41089	0	0	0	0	0	0	0	0	0	0	0	0	0	0	0	0
41122	0	0	0	0	0	0	0	0	0	0	0	0	0	0	0	0
41156	0	0	0	0	0	0	0	0	0	0	0	0	0	0	0	0
41189	0	0	0	0	0	0	0	0	0	0	0	0	0	0	0	0
41221	0	0	0	0	0	0	0	0	0	0	0	0	0	0	0	0
41256	0	0	0	0	0	0	0	0	0	0	0	0	0	0	0	0
41289	0	0	0	0	0	0	0	0	0	0	0	0	0	0	0	0
41323	0	0	0	0	0	0	0	0	0	0	0	0	0	0	0	0
41355	0	0	0	0	0	0	0	0	0	0	0	0	0	0	0	0
41389	0	0	0	0	0	0	0	0	0	0	0	0	0	0	0	0
41422	0	0	0	0	0	0	0	0	0	0	0	0	0	0	0	0
41455	0	0	0	0	0	0	0	0	0	0	0	0	0	0	0	0
41489	0	0	0	0	0	0	0	0	0	0	0	0	0	0	0	0
41527	0	0	0	0	0	0	0	0	0	0	0	0	0	0	0	0
41556	0	0	0	0	0	0	0	0	0	0	0	0	0	0	0	0
41589	0	0	0	0	0	0	0	0	0	0	0	0	0	0	0	0
41622	0	0	0	0	0	0	0	0	0	0	0	0	0	0	0	0
41655	0	0	0	0	0	0	0	0	0	0	0	0	0	0	0	0
41694	0	0	0	0	0	0	0	0	0	0	0	0	0	0	0	0
41725	0	0	0	0	0	0	0	0	0	0	0	0	0	0	0	0
41759	0	0	0	0	0	0	0	0	0	0	0	0	0	0	0	0
41792	0	0	0	0	0	0	0	0	0	0	0	0	0	0	0	0
41827	0	0	0	0	0	0	0	0	0	0	0	0	0	0	0	0
41859	0	0	0	0	0	0	0	0	0	0	0	0	0	0	0	0
41892	0	0	0	0	0	0	0	0	0	0	0	0	0	0	0	0
41923	0	0	0	0	0	0	0	0	0	0	0	0	0	0	0	0
41960	0	0	0	0	0	0	0	0	0	0	0	0	0	0	0	0
41989	0	0	0	0	0	0	0	0	0	0	0	0	0	0	0	0
42027	0	0	0	0	0	0	0	0	0	0	0	0	0	0	0	0
42056	0	0	0	0	0	0	0	0	0	0	0	0	0	0	0	0
42089	0	0	0	0	0	0	0	0	0	0	0	0	0	0	0	0
42127	0	0	0	0	0	0	0	0	0	0	0	0	0	0	0	0
42156	0	0	0	0	0	0	0	0	0	0	0	0	0	0	0	0
42189	0	0	0	0	0	0	0	0	0	0	0	0	0	0	0	0
42227	0	0	0	0	0	0	0	0	0	0	0	0	0	0	0	0
42255	0	0	0	0	0	0	0	0	0	0	0	0	0	0	0	0
42290	0	0	0	0	0	0	0	0	0	0	0	0	0	0	0	0
42322	0	0	0	0	0	0	0	0	0	0	0	0	0	0	0	0
42357	0	0	0	0	0	0	0	0	0	0	0	0	0	0	0	0
42391	0	0	0	0	0	0	0	0	0	0	0	0	0	0	0	0
42427	0	0	0	0	0	0	0	0	0	0	0	0	0	0	0	0
42456	0	0	0	0	0	0	0	0	0	0	0	0	0	0	0	0
42493	0	0	0	0	0	0	0	0	0	0	0	0	0	0	0	0
42522	0	0	0	0	0	0	0	0	0	0	0	0	0	0	0	0
42555	0	0	0	0	0	0	0	0	0	0	0	0	0	0	0	0
42589	0	0	0	0	0	0	0	0	0	0	0	0	0	0	0	0
42627	0	0	0	0	0	0	0	0	0	0	0	0	0	0	0	0
42657	0	0	0	0	0	0	0	0	0	0	0	0	0	0	0	0
42688	0	0	0	0	0	0	0	0	0	0	0	0	0	0	0	0
42728	0	0	0	0	0	0	0	0	0	0	0	0	0	0	0	0
42755	0	0	0	0	0	0	0	0	0	0	0	0	0	0	0	0
42794	0	0	0	0	0	0	0	0	0	0	0	0	0	0	0	0
42823	0	0	0	0	0	0	0	0	0	0	0	0	0	0	0	0
42856	0	0	0	0	0	0	0	0	0	0	0	0	0	0	0	0
42893	0	0	0	0	0	0	0	0	0	0	0	0	0	0	0	0
42922	0	0	0	0	0	0	0	0	0	0	0	0	0	0	0	0
42957	0	0	0	0	0	0	0	0	0	0	0	0	0	0	0	0
42990	0	0	0	0	0	0	0	0	0	0	0	0	0	0	0	0
43022	0	0	0	0	0	0	0	0	0	0	0	0	0	0	0	0
43056	0	0	0	0	0	0	0	1	0	0	0	0	0	0	0	0
43090	0	0	0	0	0	0	0	1	0	0	0	0	0	0	0	0
43123	0	0	0	0	0	0	0	1	0	0	0	0	0	0	0	0
43156	0	0	0	0	0	0	0	1	0	0	0	0	0	0	0	0
43189	0	0	0	0	0	0	0	1	0	0	0	0	0	0	0	0
43222	0	0	0	0	0	0	0	0	0	0	0	0	0	0	0	0
43256	0	0	0	0	0	0	0	0	0	0	0	0	0	0	0	0
43289	0	0	0	0	0	0	0	0	0	0	0	0	0	0	0	0
43322	0	0	0	0	0	0	0	0	0	0	0	0	0	0	0	0
43360	0	0	0	0	0	0	0	0	0	0	0	0	0	0	0	0
43392	0	0	0	0	0	0	0	0	0	0	0	0	0	0	0	0
43427	0	0	0	0	0	0	0	0	0	0	0	0	0	0	0	0
43460	0	0	0	0	0	0	0	0	0	0	0	0	0	0	0	0
43493	0	0	0	0	0	0	0	0	0	0	0	0	0	0	0	0
43527	0	0	0	0	0	0	0	0	0	0	0	0	0	0	0	0
43560	0	0	0	0	0	0	0	0	0	0	0	0	0	0	0	0
43593	0	0	0	0	0	0	0	0	0	0	0	0	0	0	0	0
43627	0	0	0	0	0	0	0	0	0	0	0	0	0	0	0	0
43660	0	0	0	0	0	0	0	0	0	0	0	0	0	0	0	0
43693	0	0	0	0	0	0	0	0	0	0	0	0	0	0	0	0
43726	0	0	0	0	0	0	0	0	0	0	0	0	0	0	0	0
43760	0	0	0	0	0	0	0	0	0	0	0	0	0	0	0	0
43793	0	0	0	0	0	0	0	0	0	0	0	0	0	0	0	0
43826	0	0	0	0	0	0	0	0	0	0	0	0	0	0	0	0
43859	0	0	0	0	0	0	0	0	0	0	0	0	0	0	0	0
43893	0	0	0	0	0	0	0	0	0	0	0	0	0	0	0	0
43926	0	0	0	0	0	0	0	0	0	0	0	0	0	0	0	0
43959	0	0	0	0	0	0	0	0	0	0	0	0	0	0	0	0
43992	0	0	0	0	0	0	0	0	0	0	0	0	0	0	0	0
44026	0	0	0	0	0	0	0	0	0	0	0	0	0	0	0	0
44059	0	0	0	0	0	0	0	0	0	0	0	0	0	0	0	0
44092	0	0	0	0	0	0	0	0	0	0	0	0	0	0	0	0
44125	0	0	0	0	0	0	0	0	0	0	0	0	0	0	0	0
44159	0	0	0	0	0	0	0	0	0	0	0	0	0	0	0	0
44192	0	0	0	0	0	0	0	0	0	0	0	0	0	0	0	0
44225	0	0	0	0	0	0	0	0	0	0	0	0	0	0	0	0
44258	0	0	0	0	0	0	0	0	0	0	0	0	0	0	0	0
44292	0	0	0	0	0	0	0	0	0	0	0	0	0	0	0	0
44325	0	0	0	0	0	0	0	0	0	0	0	0	0	0	0	0
44358	0	0	0	0	0	0	0	0	0	0	0	0	0	0	0	0
44391	0	0	0	0	0	0	0	0	0	0	0	0	0	0	0	0
44425	0	0	0	0	0	0	0	0	0	0	0	0	0	0	0	0
44458	0	0	0	0	0	0	0	0	0	0	0	0	0	0	0	0
44490	0	0	0	0	0	0	0	0	0	0	0	0	0	0	0	0
44523	0	0	0	0	0	0	0	0	0	0	0	0	0	0	0	0
44557	0	0	0	0	0	0	0	0	0	0	0	0	0	0	0	0
44590	0	0	0	0	0	0	0	0	0	0	0	0	0	0	0	0
44624	0	0	0	0	0	0	0	1	0	0	0	0	0	0	0	0
44657	0	0	0	0	0	0	0	1	0	0	0	0	0	0	0	0
44691	0	0	0	0	0	0	0	1	0	0	0	0	0	0	0	0
44724	0	0	0	0	0	0	0	1	0	0	0	0	0	0	0	0
44757	0	0	0	0	0	0	0	1	0	0	0	0	0	0	0	0
44790	0	0	0	0	0	0	0	1	0	0	0	0	0	0	0	0
44824	0	0	0	0	0	0	0	1	0	0	0	0	0	0	0	0
44857	0	0	0	0	0	0	0	1	0	0	0	0	0	0	0	0
44894	0	0	0	0	0	0	0	1	0	0	0	0	0	0	0	0
44923	0	0	0	0	0	0	0	1	0	0	0	0	0	0	0	0
44957	0	0	0	0	0	0	0	1	0	0	0	0	0	0	0	0
44993	0	0	0	0	0	0	0	0	0	0	0	0	0	0	0	0
45026	0	0	0	0	0	0	0	0	0	0	0	0	0	0	0	0
45059	0	0	0	0	0	0	0	0	0	0	0	0	0	0	0	0
45090	0	0	0	0	0	0	0	0	0	0	0	0	0	0	0	0
45123	0	0	0	0	0	0	0	0	0	0	0	0	0	0	0	0
45156	0	0	0	0	0	0	0	0	0	0	0	0	0	0	0	0
45189	0	0	0	0	0	0	0	1	0	0	0	0	0	0	0	0
45223	0	0	0	0	0	0	0	1	0	0	0	0	0	0	0	0
45256	0	0	0	0	0	0	0	1	0	0	0	0	0	0	0	0
45290	0	0	0	0	0	0	0	1	0	0	0	0	1	0	0	0
45324	0	0	0	0	0	0	0	1	0	0	0	0	1	0	0	0
45356	0	0	0	0	0	0	0	1	0	0	0	0	1	0	0	0
45395	0	0	0	0	0	0	0	1	0	0	0	0	1	0	0	0
45423	0	0	0	0	0	0	0	1	0	0	0	0	1	0	0	0
45461	0	0	0	0	0	0	0	1	0	0	0	0	1	0	0	0
45490	0	0	0	0	0	0	0	1	0	0	0	0	1	0	0	0
45522	0	0	0	0	0	0	0	1	0	0	0	0	1	0	0	0
45555	0	0	0	0	0	0	0	1	0	0	0	0	0	0	0	0
45591	0	0	0	0	0	0	0	1	0	0	0	0	0	0	0	0
45628	0	0	0	0	0	0	0	0	0	0	0	0	0	0	0	0
45655	0	0	0	0	0	0	0	0	0	0	0	0	0	0	0	0
45694	0	0	0	0	0	0	0	0	0	0	0	0	0	0	0	0
45722	0	0	0	0	0	0	0	0	0	0	0	0	0	0	0	0
45759	0	0	0	0	0	0	0	0	0	0	0	0	0	0	0	0
45788	0	0	0	0	0	0	0	0	0	0	0	0	0	0	0	0
45827	0	0	0	0	0	0	0	0	0	0	0	0	0	0	0	0
45855	0	0	0	0	0	0	0	0	0	0	0	0	0	0	0	0
45889	0	0	0	0	0	0	0	0	0	0	0	0	0	0	0	0
45927	0	0	0	0	0	0	0	1	0	0	0	0	1	0	0	0
45960	0	0	0	0	0	0	0	1	0	0	0	0	1	0	0	0
45993	0	0	0	0	0	0	0	1	0	0	0	0	1	0	0	0
46027	0	0	0	0	0	0	0	1	0	0	0	0	1	0	0	0
46060	0	0	0	0	0	0	0	1	0	0	0	0	1	0	0	0
46093	0	0	0	0	0	0	0	1	0	0	0	0	1	0	0	0
46122	0	0	0	0	0	0	0	1	0	0	0	0	0	0	0	0
46155	0	0	0	0	0	0	0	0	0	0	0	0	0	0	0	0
46194	0	0	0	0	0	0	0	0	0	0	0	0	0	0	0	0
46227	0	0	0	0	0	0	0	0	0	0	0	0	0	0	0	0
46261	0	0	0	0	0	0	0	0	0	0	0	0	0	0	0	0
46288	0	0	0	0	0	0	0	0	0	0	0	0	0	0	0	0
46327	0	0	0	0	0	0	0	0	0	0	0	0	0	0	0	0
46355	0	0	0	0	0	0	0	0	0	0	0	0	0	0	0	0
46394	0	0	0	0	0	0	0	0	0	0	0	0	0	0	0	0
46422	0	0	0	0	0	0	0	0	0	0	0	0	0	0	0	0
46460	0	0	0	0	0	0	0	0	0	0	0	0	0	0	0	0
46488	0	0	0	0	0	0	0	0	0	0	0	0	0	0	0	0
46526	0	0	0	0	0	0	0	0	0	0	0	0	0	0	0	0
46559	0	0	0	0	0	0	0	0	0	0	0	0	0	0	0	0
46591	0	0	0	0	0	0	0	0	0	0	0	0	0	0	0	0
46626	0	0	0	0	0	0	0	0	0	0	0	0	0	0	0	0
46658	0	0	0	0	0	0	0	0	0	0	0	0	0	0	0	0
46692	0	0	0	0	0	0	0	0	0	0	0	0	0	0	0	0
46724	0	0	0	0	0	0	0	0	0	0	0	0	0	0	0	0
46760	0	0	0	0	0	0	0	0	0	0	0	0	0	0	0	0
46792	0	0	0	0	0	0	0	0	0	0	0	0	0	0	0	0
46824	0	0	0	0	0	0	0	0	0	0	0	0	0	0	0	0
46859	0	0	0	0	0	0	0	0	0	0	0	0	0	0	0	0
46890	0	0	0	0	0	0	0	0	0	0	0	0	0	0	0	0
46926	0	0	0	0	0	0	0	0	0	0	0	0	0	0	0	0
46958	0	0	0	0	0	0	0	0	0	0	0	0	0	0	0	0
46992	0	0	0	0	0	0	0	0	0	0	0	0	0	0	0	0
47023	0	0	0	0	0	0	0	0	0	0	0	0	0	0	0	0
47058	0	0	0	0	0	0	0	0	0	0	0	0	0	0	0	0
47092	0	0	0	0	0	0	0	0	0	0	0	0	0	0	0	0
47126	0	0	0	0	0	0	0	0	0	0	0	0	0	0	0	0
47158	0	0	0	0	0	0	0	0	0	0	0	0	0	0	0	0
47191	0	0	0	0	0	0	0	0	0	0	0	0	0	0	0	0
47224	0	0	0	0	0	0	0	0	0	0	0	0	0	0	0	0
47255	0	0	0	0	0	0	0	0	0	0	0	0	0	0	0	0
47292	0	0	0	0	0	0	0	0	0	0	0	0	0	0	0	0
47325	0	0	0	0	0	0	0	0	0	0	0	0	0	0	0	0
47357	0	0	0	0	0	0	0	0	0	0	0	0	0	0	0	0
47392	0	0	0	0	0	0	0	0	0	0	0	0	0	0	0	0
47423	0	0	0	0	0	0	0	0	0	0	0	0	0	0	0	0
47455	0	0	0	0	0	0	0	0	0	0	0	0	0	0	0	0
47490	0	0	0	0	0	0	0	0	0	0	0	0	0	0	0	0
47524	0	0	0	0	0	0	0	0	0	0	0	0	0	0	0	0
47558	0	0	0	0	0	0	0	0	0	0	0	0	0	0	0	0
47591	0	0	0	0	0	0	0	0	0	0	0	0	0	0	0	0
47624	0	0	0	0	0	0	0	0	0	0	0	0	0	0	0	0
47658	0	0	0	0	0	0	0	0	0	0	0	0	0	0	0	0
47690	0	0	0	0	0	0	0	0	0	0	0	0	0	0	0	0
47724	0	0	0	0	0	0	0	0	0	0	0	0	0	0	0	0
47760	0	0	0	0	0	0	0	0	0	0	0	0	0	0	0	0
47793	0	0	0	0	0	0	0	0	0	0	0	0	0	0	0	0
47824	0	0	0	0	0	0	0	0	0	0	0	0	0	0	0	0
47856	0	0	0	0	0	0	0	0	0	0	0	0	0	0	0	0
47890	0	0	0	0	0	0	0	0	0	0	0	0	0	0	0	0
47923	0	0	0	0	0	0	0	0	0	0	0	0	0	0	0	0
47957	0	0	0	0	0	0	0	0	0	0	0	0	0	0	0	0
47989	0	0	0	0	0	0	0	0	0	0	0	0	0	0	0	0
48023	0	0	0	0	0	0	0	0	0	0	0	0	0	0	0	0
48056	0	0	0	0	0	0	0	0	0	0	0	0	0	0	0	0
48089	0	0	0	0	0	0	0	0	0	0	0	0	0	0	0	0
48123	0	0	0	0	0	0	0	0	0	0	0	0	0	0	0	0
48157	0	0	0	0	0	0	0	0	0	0	0	0	0	0	0	0
48190	0	0	0	0	0	0	0	0	0	0	0	0	0	0	0	0
48223	0	0	0	0	0	0	0	0	0	0	0	0	0	0	0	0
48255	0	0	0	0	0	0	0	0	0	0	0	0	0	0	0	0
48291	0	0	0	0	0	0	0	0	0	0	0	0	0	0	0	0
48322	0	0	0	0	0	0	0	0	0	0	0	0	0	0	0	0
48356	0	0	0	0	0	0	0	0	0	0	0	0	0	0	0	0
48392	0	0	0	0	0	0	0	0	0	0	0	0	0	0	0	0
48422	0	0	0	0	0	0	0	0	0	0	0	0	0	0	0	0
48459	0	0	0	0	0	0	0	0	0	0	0	0	0	0	0	0
48494	0	0	0	0	0	0	0	0	0	0	0	0	0	0	0	0
48522	0	0	0	0	0	0	0	0	0	0	0	0	0	0	0	0
48561	0	0	0	0	0	0	0	0	0	0	0	0	0	0	0	0
48592	0	0	0	0	0	0	0	0	0	0	0	0	0	0	0	0
48623	0	0	0	0	0	0	0	0	0	0	0	0	0	0	0	0
48655	0	0	0	0	0	0	0	0	0	0	0	0	0	0	0	0
48688	0	0	0	0	0	0	0	0	0	0	0	0	0	0	0	0
48724	0	0	0	0	0	0	0	0	0	0	0	0	0	0	0	0
48756	0	0	0	0	0	0	0	0	0	0	0	0	0	0	0	0
48794	0	0	0	0	0	0	0	0	0	0	0	0	0	0	0	0
48826	0	0	0	0	0	0	0	1	0	0	0	0	1	0	0	0
48856	0	0	0	0	0	0	0	1	0	0	0	0	1	0	0	0
48894	0	0	0	0	0	0	0	1	0	0	0	0	1	0	0	0
48927	0	0	0	0	0	0	0	1	0	0	0	0	1	0	0	0
48957	0	0	0	0	0	0	0	1	0	0	0	0	1	0	0	0
48989	0	0	0	0	0	0	0	1	0	0	0	0	0	0	0	0
49027	0	0	0	0	0	0	0	0	0	0	0	0	0	0	0	0
49057	0	0	0	0	0	0	0	0	0	0	0	0	0	0	0	0
49090	0	0	0	0	0	0	0	0	0	0	0	0	0	0	0	0
49128	0	0	0	0	0	0	0	0	0	0	0	0	0	0	0	0
49156	0	0	0	0	0	0	0	0	0	0	0	0	0	0	0	0
49192	0	0	0	0	0	0	0	0	0	0	0	0	0	0	0	0
49227	0	0	0	0	0	0	0	0	0	0	0	0	0	0	0	0
49255	0	0	0	0	0	0	0	0	0	0	0	0	0	0	0	0
49289	0	0	0	0	0	0	0	0	0	0	0	0	0	0	0	0
49328	0	0	0	0	0	0	0	0	0	0	0	0	0	0	0	0
49356	0	0	0	0	0	0	0	0	0	0	0	0	0	0	0	0
49389	0	0	0	0	0	0	0	0	0	0	0	0	0	0	0	0
49424	0	0	0	0	0	0	0	0	0	0	0	0	0	0	0	0
49461	0	0	0	0	0	0	0	0	0	0	0	0	0	0	0	0
49489	0	0	0	0	0	0	0	0	0	0	0	0	0	0	0	0
49528	0	0	0	0	0	0	0	0	0	0	0	0	0	0	0	0
49557	0	0	0	0	0	0	0	0	0	0	0	0	0	0	0	0
49593	0	0	0	0	0	0	0	0	0	0	0	0	0	0	0	0
49622	0	0	0	0	0	0	0	0	0	0	0	0	0	0	0	0
49661	0	0	0	0	0	0	0	0	0	0	0	0	0	0	0	0
49691	0	0	0	0	0	0	0	0	0	0	0	0	0	0	0	0
49725	0	0	0	0	0	0	0	0	0	0	0	0	0	0	0	0
49755	0	0	0	0	0	0	0	0	0	0	0	0	0	0	0	0
49794	0	0	0	0	0	0	0	0	0	0	0	0	0	0	0	0
49823	0	0	0	0	0	0	0	0	0	0	0	0	0	0	0	0
49856	0	0	0	0	0	0	0	0	0	0	0	0	0	0	0	0
49889	0	0	0	0	0	0	0	0	0	0	0	0	0	0	0	0
49923	0	0	0	0	0	0	0	0	0	0	0	0	0	0	0	0
49956	0	0	0	0	0	0	0	0	0	0	0	0	0	0	0	0
49990	0	0	0	0	0	0	0	0	0	0	0	0	0	0	0	0
50022	0	0	0	0	0	0	0	0	0	0	0	0	0	0	0	0
50056	0	0	0	0	0	0	0	0	0	0	0	0	0	0	0	0
50089	0	0	0	0	0	0	0	0	0	0	0	0	0	0	0	0
50122	0	0	0	0	0	0	0	0	0	0	0	0	0	0	0	0
50158	0	0	0	0	0	0	0	0	0	0	0	0	0	0	0	0
50194	0	0	0	0	0	0	0	0	0	0	0	0	0	0	0	0
50224	0	0	0	0	0	0	0	0	0	0	0	0	0	0	0	0
50258	0	0	0	0	0	0	0	0	0	0	0	0	0	0	0	0
50294	0	0	0	0	0	0	0	0	0	0	0	0	0	0	0	0
50327	0	0	0	0	0	0	0	0	0	0	0	0	0	0	0	0
50356	0	0	0	0	0	0	0	0	0	0	0	0	0	0	0	0
50394	0	0	0	0	0	0	0	0	0	0	0	0	0	0	0	0
50422	0	0	0	0	0	0	0	0	0	0	0	0	0	0	0	0
50460	0	0	0	0	0	0	0	0	0	0	0	0	0	0	0	0
50493	0	0	0	0	0	0	0	0	0	0	0	0	0	0	0	0
50527	0	0	0	0	0	0	0	0	0	0	0	0	0	0	0	0
50560	0	0	0	0	0	0	0	0	0	0	0	0	0	0	0	0
50593	0	0	0	0	0	0	0	0	0	0	0	0	0	0	0	0
50626	0	0	0	0	0	0	0	0	0	0	0	0	0	0	0	0
50660	0	0	0	0	0	0	0	0	0	0	0	0	0	0	0	0
50693	0	0	0	0	0	0	0	0	0	0	0	0	0	0	0	0
50726	0	0	0	0	0	0	0	0	0	0	0	0	0	0	0	0
50759	0	0	0	0	0	0	0	0	0	0	0	0	0	0	0	0
50793	0	0	0	0	0	0	0	0	0	0	0	0	0	0	0	0
50826	0	0	0	0	0	0	0	0	0	0	0	0	0	0	0	0
50859	0	0	0	0	0	0	0	0	0	0	0	0	0	0	0	0
50892	0	0	0	0	0	0	0	0	0	0	0	0	0	0	0	0
50926	0	0	0	0	0	0	0	0	0	0	0	0	0	0	0	0
50958	0	0	0	0	0	0	0	0	0	0	0	0	0	0	0	0
50992	0	0	0	0	0	0	0	0	0	0	0	0	0	0	0	0
51025	0	0	0	0	0	0	0	0	0	0	0	0	0	0	0	0
51058	0	0	0	0	0	0	0	0	0	0	0	0	0	0	0	0
51092	0	0	0	0	0	0	0	0	0	0	0	0	0	0	0	0
51125	0	0	0	0	0	0	0	0	0	0	0	0	0	0	0	0
51158	0	0	0	0	0	0	0	0	0	0	0	0	0	0	0	0
51192	0	0	0	0	0	0	0	0	0	0	0	0	0	0	0	0
51225	0	0	0	0	0	0	0	0	0	0	0	0	0	0	0	0
51258	0	0	0	0	0	0	0	0	0	0	0	0	0	0	0	0
51291	0	0	0	0	0	0	0	0	0	0	0	0	0	0	0	0
51325	0	0	0	0	0	0	0	0	0	0	0	0	0	0	0	0
51358	0	0	0	0	0	0	0	0	0	0	0	0	0	0	0	0
51391	0	0	0	0	0	0	0	0	0	0	0	0	0	0	0	0
51424	0	0	0	0	0	0	0	0	0	0	0	0	0	0	0	0
51458	0	0	0	0	0	0	0	0	0	0	0	0	0	0	0	0
51491	0	0	0	0	0	0	0	0	0	0	0	0	0	0	0	0
51524	0	0	0	0	0	0	0	0	0	0	0	0	0	0	0	0
51557	0	0	0	0	0	0	0	0	0	0	0	0	0	0	0	0
51591	0	0	0	0	0	0	0	0	0	0	0	0	0	0	0	0
51624	0	0	0	0	0	0	0	0	0	0	0	0	0	0	0	0
51657	0	0	0	0	0	0	0	0	0	0	0	0	0	0	0	0
51690	0	0	0	0	0	0	0	0	0	0	0	0	0	0	0	0
51724	0	0	0	0	0	0	0	0	0	0	0	0	0	0	0	0
51757	0	0	0	0	0	0	0	0	0	0	0	0	0	0	0	0
51790	0	0	0	0	0	0	0	0	0	0	0	0	0	0	0	0
51826	0	0	0	0	0	0	0	0	0	0	0	0	0	0	0	0
51857	0	0	0	0	0	0	0	0	0	0	0	0	0	0	0	0
51890	0	0	0	0	0	0	0	0	0	0	0	0	0	0	0	0
51923	0	0	0	0	0	0	0	0	0	0	0	0	0	0	0	0
51957	0	0	0	0	0	0	0	0	0	0	0	0	0	0	0	0
51990	0	0	0	0	0	0	0	0	0	0	0	0	0	0	0	0
52023	0	0	0	0	0	0	0	0	0	0	0	0	0	0	0	0
52056	0	0	0	0	0	0	0	0	0	0	0	0	0	0	0	0
52090	0	0	0	0	0	0	0	0	0	0	0	0	0	0	0	0
52123	0	0	0	0	0	0	0	0	0	0	0	0	0	0	0	0
52156	0	0	0	0	0	0	0	0	0	0	0	0	0	0	0	0
52189	0	0	0	0	0	0	0	0	0	0	0	0	0	0	0	0
52223	0	0	0	0	0	0	0	0	0	0	0	0	0	0	0	0
52256	0	0	0	0	0	0	0	0	0	0	0	0	0	0	0	0
52290	0	0	0	0	0	0	0	0	0	0	0	0	0	0	0	0
52322	0	0	0	0	0	0	0	0	0	0	0	0	0	0	0	0
52356	0	0	0	0	0	0	0	0	0	0	0	0	0	0	0	0
52389	0	0	0	0	0	0	0	0	0	0	0	0	0	0	0	0
52427	0	0	0	0	0	0	0	0	0	0	0	0	0	0	0	0
52459	0	0	0	0	0	0	0	0	0	0	0	0	0	0	0	0
52492	0	0	0	0	0	0	0	0	0	0	0	0	0	0	0	0
52522	0	0	0	0	0	0	0	0	0	0	0	0	0	0	0	0
52561	0	0	0	0	0	0	0	0	0	0	0	0	0	0	0	0
52594	0	0	0	0	0	0	0	0	0	0	0	0	0	0	0	0
52623	0	0	0	0	0	0	0	0	0	0	0	0	0	0	0	0
52661	0	0	0	0	0	0	0	0	0	0	0	0	0	0	0	0
52692	0	0	0	0	0	0	0	0	0	0	0	0	0	0	0	0
52727	0	0	0	0	0	0	0	0	0	0	0	0	0	0	0	0
52755	0	0	0	0	0	0	0	0	0	0	0	0	0	0	0	0
52793	0	0	0	0	0	0	0	0	0	0	0	0	0	0	0	0
52827	0	0	0	0	0	0	0	0	0	0	0	0	0	0	0	0
52860	0	0	0	0	0	0	0	0	0	0	0	0	0	0	0	0
52889	0	0	0	0	0	0	0	0	0	0	0	0	0	0	0	0
52922	0	0	0	0	0	0	0	0	0	0	0	0	0	0	0	0
52957	0	0	0	0	0	0	0	0	0	0	0	0	0	0	0	0
52994	0	0	0	0	0	0	0	0	0	0	0	0	0	0	0	0
53022	0	0	0	0	0	0	0	0	0	0	0	0	0	0	0	0
53060	0	0	0	0	0	0	0	0	0	0	0	0	0	0	0	0
53089	0	0	0	0	0	0	0	0	0	0	0	0	0	0	0	0
53128	0	0	0	0	0	0	0	0	0	0	0	0	0	0	0	0
53161	0	0	0	0	0	0	0	0	0	0	0	0	0	0	0	0
53194	0	0	0	0	0	0	0	0	0	0	0	0	0	0	0	0
53227	0	0	0	0	0	0	0	0	0	0	0	0	0	0	0	0
53256	0	0	0	0	0	0	0	0	0	0	0	0	0	0	0	0
53290	0	0	0	0	0	0	0	0	0	0	0	0	0	0	0	0
53327	0	0	0	0	0	0	0	0	0	0	0	0	0	0	0	0
53360	0	0	0	0	0	0	0	0	0	0	0	0	0	0	0	0
53391	0	0	0	0	0	0	0	0	0	0	0	0	0	0	0	0
53427	0	0	0	0	0	0	0	0	0	0	0	0	0	0	0	0
53461	0	0	0	0	0	0	0	0	0	0	0	0	0	0	0	0
53492	0	0	0	0	0	0	0	0	0	0	0	0	0	0	0	0
53525	0	0	0	0	0	0	0	0	0	0	0	0	0	0	0	0
53559	0	0	0	0	0	0	0	0	0	0	0	0	0	0	0	0
53594	0	0	0	0	0	0	0	0	0	0	0	0	0	0	0	0
53622	0	0	0	0	0	0	0	0	0	0	0	0	0	0	0	0
53659	0	0	0	0	0	0	0	0	0	0	0	0	0	0	0	0
53692	0	0	0	0	0	0	0	0	0	0	0	0	0	0	0	0
53723	0	0	0	0	0	0	0	0	0	0	0	0	0	0	0	0
53759	0	0	0	0	0	0	0	0	0	0	0	0	0	0	0	0
53793	0	0	0	0	0	0	0	0	0	0	0	0	0	0	0	0
53826	0	0	0	0	0	0	0	0	0	0	0	0	0	0	0	0
53857	0	0	0	0	0	0	0	0	0	0	0	0	0	0	0	0
53892	0	0	0	0	0	0	0	0	0	0	0	0	0	0	0	0
53924	0	0	0	0	0	0	0	0	0	0	0	0	0	0	0	0
53959	0	0	0	0	0	0	0	0	0	0	0	0	0	0	0	0
53991	0	0	0	0	0	0	0	0	0	0	0	0	0	0	0	0
54024	0	0	0	0	0	0	0	0	0	0	0	0	0	0	0	0
54056	0	0	0	0	0	0	0	0	0	0	0	0	0	0	0	0
54090	0	0	0	0	0	0	0	0	0	0	0	0	0	0	0	0
54123	0	0	0	0	0	0	0	0	0	0	0	0	0	0	0	0
54158	0	0	0	0	0	0	0	0	0	0	0	0	0	0	0	0
54193	0	0	0	0	0	0	0	0	0	0	0	0	0	0	0	0
54224	0	0	0	0	0	0	0	0	0	0	0	0	0	0	0	0
54258	0	0	0	0	0	0	0	0	0	0	0	0	0	0	0	0
54292	0	0	0	0	0	0	0	0	0	0	0	0	0	0	0	0
54325	0	0	0	0	0	0	0	0	0	0	0	0	0	0	0	0
54359	0	0	0	0	0	0	0	0	0	0	0	0	0	0	0	0
54392	0	0	0	0	0	0	0	0	0	0	0	0	0	0	0	0
54425	0	0	0	0	0	0	0	0	0	0	0	0	0	0	0	0
54458	0	0	0	0	0	0	0	0	0	0	0	0	0	0	0	0
54492	0	0	0	0	0	0	0	0	0	0	0	0	0	0	0	0
54525	0	0	0	0	0	0	0	0	0	0	0	0	0	0	0	0
54558	0	0	0	0	0	0	0	0	0	0	0	0	0	0	0	0
54591	0	0	0	0	0	0	0	0	0	0	0	0	0	0	0	0
54625	0	0	0	0	0	0	0	0	0	0	0	0	0	0	0	0
54658	0	0	0	0	0	0	0	0	0	0	0	0	0	0	0	0
54690	0	0	0	0	0	0	0	0	0	0	0	0	0	0	0	0
54724	0	0	0	0	0	0	0	0	0	0	0	0	0	0	0	0
54758	0	0	0	0	0	0	0	0	0	0	0	0	0	0	0	0
54791	0	0	0	0	0	0	0	0	0	0	0	0	0	0	0	0
54824	0	0	0	0	0	0	0	0	0	0	0	0	0	0	0	0
54857	0	0	0	0	0	0	0	0	0	0	0	0	0	0	0	0
54891	0	0	0	0	0	0	0	0	0	0	0	0	0	0	0	0
54923	0	0	0	0	0	0	0	0	0	0	0	0	0	0	0	0
54957	0	0	0	0	0	0	0	0	0	0	0	0	0	0	0	0
54990	0	0	0	0	0	0	0	0	0	0	0	0	0	0	0	0
55024	0	0	0	0	0	0	0	0	0	0	0	0	0	0	0	0
55057	0	0	0	0	0	0	0	0	0	0	0	0	0	0	0	0
55090	0	0	0	0	0	0	0	0	0	0	0	0	0	0	0	0
55123	0	0	0	0	0	0	0	0	0	0	0	0	0	0	0	0
55156	0	0	0	0	0	0	0	0	0	0	0	0	0	0	0	0
55189	0	0	0	0	0	0	0	0	0	0	0	0	0	0	0	0
55222	0	0	0	0	0	0	0	0	0	0	0	0	0	0	0	0
55256	0	0	0	0	0	0	0	0	0	0	0	0	0	0	0	0
55290	0	0	0	0	0	0	0	0	0	0	0	0	0	0	0	0
55323	0	0	0	0	0	0	0	0	0	0	0	0	0	0	0	0
55356	0	0	0	0	0	0	0	0	0	0	0	0	0	0	0	0
55391	0	0	0	0	0	0	0	0	0	0	0	0	0	0	0	0
55423	0	0	0	0	0	0	0	0	0	0	0	0	0	0	0	0
55457	0	0	0	0	0	0	0	0	0	0	0	0	0	0	0	0
55494	0	0	0	0	0	0	0	0	0	0	0	0	0	0	0	0
55523	0	0	0	0	0	0	0	0	0	0	0	0	0	0	0	0
55556	0	0	0	0	0	0	0	0	0	0	0	0	0	0	0	0
55594	0	0	0	0	0	0	0	0	0	0	0	0	0	0	0	0
55623	0	0	0	0	0	0	0	0	0	0	0	0	0	0	0	0
55655	0	0	0	0	0	0	0	0	0	0	0	0	0	0	0	0
55694	0	0	0	0	0	0	0	0	0	0	0	0	0	0	0	0
55722	0	0	0	0	0	0	0	0	0	0	0	0	0	0	0	0
55761	0	0	0	0	0	0	0	0	0	0	0	0	0	0	0	0
55789	0	0	0	0	0	0	0	0	0	0	0	0	0	0	0	0
55828	0	0	0	0	0	0	0	0	0	0	0	0	0	0	0	0
55855	0	0	0	0	0	0	0	0	0	0	0	0	0	0	0	0
55888	0	0	0	0	0	0	0	0	0	0	0	0	0	0	0	0
55922	0	0	0	0	0	0	0	0	0	0	0	0	0	0	0	0
55960	0	0	0	0	0	0	0	0	0	0	0	0	0	0	0	0
55989	0	0	0	0	0	0	0	0	0	0	0	0	0	0	0	0
56028	0	0	0	0	0	0	0	0	0	0	0	0	0	0	0	0
56057	0	0	0	0	0	0	0	0	0	0	0	0	0	0	0	0
56094	0	0	0	0	0	0	0	0	0	0	0	0	0	0	0	0
56122	0	0	0	0	0	0	0	0	0	0	0	0	0	0	0	0
56156	0	0	0	0	0	0	0	0	0	0	0	0	0	0	0	0
56194	0	0	0	0	0	0	0	0	0	0	0	0	0	0	0	0
56223	0	0	0	0	0	0	0	0	0	0	0	0	0	0	0	0
56256	0	0	0	0	0	0	0	0	0	0	0	0	0	0	0	0
56295	0	0	0	0	0	0	0	0	0	0	0	0	0	0	0	0
56322	0	0	0	0	0	0	0	0	0	0	0	0	0	0	0	0
56358	0	0	0	0	0	0	0	0	0	0	0	0	0	0	0	0
56389	0	0	0	0	0	0	0	0	0	0	0	0	0	0	0	0
56427	0	0	0	0	0	0	0	0	0	0	0	0	0	0	0	0
56458	0	0	0	0	0	0	0	0	0	0	0	0	0	0	0	0
56489	0	0	0	0	0	0	0	0	0	0	0	0	0	0	0	0
56525	0	0	0	0	0	0	0	0	0	0	0	0	0	0	0	0
56559	0	0	0	0	0	0	0	0	0	0	0	0	0	0	0	0
56590	0	0	0	0	0	0	0	0	0	0	0	0	0	0	0	0
56623	0	0	0	0	0	0	0	0	0	0	0	0	0	0	0	0
56659	0	0	0	0	0	0	0	0	0	0	0	0	0	0	0	0
56690	0	0	0	0	0	0	0	0	0	0	0	0	0	0	0	0
56723	0	0	0	0	0	0	0	0	0	0	0	0	0	0	0	0
56759	0	0	0	0	0	0	0	0	0	0	0	0	0	0	0	0
56790	0	0	0	0	0	0	0	0	0	0	0	0	0	0	0	0
56823	0	0	0	0	0	0	0	0	0	0	0	0	0	0	0	0
56860	0	0	0	0	0	0	0	0	0	0	0	0	0	0	0	0
56889	0	0	0	0	0	0	0	0	0	0	0	0	0	0	0	0
56923	0	0	0	0	0	0	0	0	0	0	0	0	0	0	0	0
56956	0	0	0	0	0	0	0	0	0	0	0	0	0	0	0	0
56989	0	0	0	0	0	0	0	0	0	0	0	0	0	0	0	0
57023	0	0	0	0	0	0	0	0	0	0	0	0	0	0	0	0
57059	0	0	0	0	0	0	0	0	0	0	0	0	0	0	0	0
57091	0	0	0	0	0	0	0	0	0	0	0	0	0	0	0	0
57128	0	0	0	0	0	0	0	0	0	0	0	0	0	0	0	0
57161	0	0	0	0	0	0	0	0	0	0	0	0	0	0	0	0
57189	0	0	0	0	0	0	0	0	0	0	0	0	0	0	0	0
57227	0	0	0	0	0	0	0	0	0	0	0	0	0	0	0	0
57261	0	0	0	0	0	0	0	0	0	0	0	0	0	0	0	0
57289	0	0	0	0	0	0	0	0	0	0	0	0	0	0	0	0
57327	0	0	0	0	0	0	0	0	0	0	0	0	0	0	0	0
57367	0	0	0	0	0	0	0	0	0	0	0	0	0	0	0	0
57394	0	0	0	0	0	0	0	0	0	0	0	0	0	0	0	0
57427	0	0	0	0	0	0	0	0	0	0	0	0	0	0	0	0
57460	0	0	0	0	0	0	0	0	0	0	0	0	0	0	0	0
57493	0	0	0	0	0	0	0	0	0	0	0	0	0	0	0	0
57527	0	0	0	0	0	0	0	0	0	0	0	0	0	0	0	0
57560	0	0	0	0	0	0	0	0	0	0	0	0	0	0	0	0
57594	0	0	0	0	0	0	0	0	0	0	0	0	0	0	0	0
57627	0	0	0	0	0	0	0	0	0	0	0	0	0	0	0	0
57660	0	0	0	0	0	0	0	0	0	0	0	0	0	0	0	0
57693	0	0	0	0	0	0	0	0	0	0	0	0	0	0	0	0
57726	0	0	0	0	0	0	0	0	0	0	0	0	0	0	0	0
57760	0	0	0	0	0	0	0	0	0	0	0	0	0	0	0	0
57793	0	0	0	0	0	0	0	0	0	0	0	0	0	0	0	0
57826	0	0	0	0	0	0	0	0	0	0	0	0	0	0	0	0
57860	0	0	0	0	0	0	0	0	0	0	0	0	0	0	0	0
57893	0	0	0	0	0	0	0	0	0	0	0	0	0	0	0	0
57926	0	0	0	0	0	0	0	0	0	0	0	0	0	0	0	0
57959	0	0	0	0	0	0	0	0	0	0	0	0	0	0	0	0
57992	0	0	0	0	0	0	0	0	0	0	0	0	0	0	0	0
58025	0	0	0	0	0	0	0	0	0	0	0	0	0	0	0	0
58059	0	0	0	0	0	0	0	0	0	0	0	0	0	0	0	0
58092	0	0	0	0	0	0	0	0	0	0	0	0	0	0	0	0
58125	0	0	0	0	0	0	0	0	0	0	0	0	0	0	0	0
58159	0	0	0	0	0	0	0	0	0	0	0	0	0	0	0	0
58192	0	0	0	0	0	0	0	0	0	0	0	0	0	0	0	0
58225	0	0	0	0	0	0	0	0	0	0	0	0	0	0	0	0
58258	0	0	0	0	0	0	0	0	0	0	0	0	0	0	0	0
58292	0	0	0	0	0	0	0	0	0	0	0	0	0	0	0	0
58325	0	0	0	0	0	0	0	0	0	0	0	0	0	0	0	0
58358	0	0	0	0	0	0	0	0	0	0	0	0	0	0	0	0
58391	0	0	0	0	0	0	0	0	0	0	0	0	0	0	0	0
58425	0	0	0	0	0	0	0	0	0	0	0	0	0	0	0	0
58459	0	0	0	0	0	0	0	0	0	0	0	0	0	0	0	0
58491	0	0	0	0	0	0	0	0	0	0	0	0	0	0	0	0
58524	0	0	0	0	0	0	0	0	0	0	0	0	0	0	0	0
58558	0	0	0	0	0	0	0	0	0	0	0	0	0	0	0	0
58591	0	0	0	0	0	0	0	0	0	0	0	0	0	0	0	0
58624	0	0	0	0	0	0	0	0	0	0	0	0	0	0	0	0
58657	0	0	0	0	0	0	0	0	0	0	0	0	0	0	0	0
58691	0	0	0	0	0	0	0	0	0	0	0	0	0	0	0	0
58726	0	0	0	0	0	0	0	0	0	0	0	0	0	0	0	0
58757	0	0	0	0	0	0	0	0	0	0	0	0	0	0	0	0
58790	0	0	0	0	0	0	0	0	0	0	0	0	0	0	0	0
58824	0