millis	A1	A2	A3	A4	L1	R1	L2	R2	S1	S2	M1	M2	up	dn	lf	rt
1415060	0	0	0	0	0	0	0	0	0	0	0	0	0	0	0	0
1415123	0	0	0	0	0	0	0	0	0	0	0	0	0	0	0	0
1415188	0	0	0	0	0	0	0	0	0	0	0	0	0	0	0	0
1415250	0	0	0	0	0	0	0	0	0	0	0	0	0	0	0	0
1415310	0	0	0	0	0	0	0	0	0	0	0	0	0	0	0	0
1415374	0	0	0	0	0	0	0	0	0	0	0	0	0	0	0	0
1415440	0	0	0	0	0	0	0	0	0	0	0	0	0	0	0	0
1415503	0	0	0	0	0	0	0	0	0	0	0	0	0	0	0	0
1415560	0	0	0	0	0	0	0	0	0	0	0	0	0	0	0	0
1415624	0	0	0	0	0	0	0	0	0	0	0	0	0	0	0	0
1415690	0	0	0	0	0	0	0	0	0	0	0	0	0	0	0	0
1415753	0	0	0	0	0	0	0	0	0	0	0	0	0	0	0	0
1415812	0	0	0	0	0	0	1	0	0	0	0	0	0	0	0	0
1415873	0	0	0	0	0	0	1	0	0	0	0	0	0	0	0	0
1415940	0	0	0	0	0	0	1	0	0	0	0	0	0	0	0	0
1415999	0	0	0	0	0	0	0	0	0	0	0	0	0	0	0	0
1416065	0	0	0	0	0	0	0	0	0	0	0	0	0	0	0	0
1416123	0	0	0	0	0	0	0	0	0	0	0	0	0	0	0	0
1416189	0	0	0	0	0	0	0	0	0	0	0	0	0	0	0	0
1416248	0	0	0	0	0	0	0	0	0	0	0	0	0	0	0	0
1416315	0	0	0	0	0	0	0	0	0	0	0	0	0	0	0	0
1416376	0	0	0	0	0	0	0	0	0	0	0	0	0	0	0	0
1416436	0	0	0	0	0	0	0	0	0	0	0	0	0	0	0	0
1416499	0	0	0	0	0	0	0	0	0	0	0	0	0	0	0	0
1416564	0	0	0	0	0	0	0	0	0	0	0	0	0	0	0	0
1416627	0	0	0	0	0	0	0	0	0	0	0	0	0	0	0	0
1416689	0	0	0	0	0	0	0	0	0	0	0	0	0	0	0	0
1416751	0	0	0	0	0	0	0	0	0	0	0	0	0	0	0	0
1416813	0	0	0	0	0	0	0	0	0	0	0	0	0	0	0	0
1416874	0	0	0	0	0	0	0	0	0	0	0	0	0	0	0	0
1416940	0	0	1	0	0	0	0	0	0	0	0	0	0	0	0	0
1417003	0	0	0	0	0	0	0	0	0	0	0	0	0	0	0	0
1417063	0	0	0	0	0	0	0	0	0	0	0	0	0	0	0	0
1417124	0	0	0	0	0	0	0	0	0	0	0	0	0	0	0	0
1417187	0	0	0	0	0	0	0	0	0	0	0	0	0	0	0	0
1417251	0	0	0	0	0	0	0	0	0	0	0	0	0	0	0	0
1417312	0	0	0	0	0	0	0	0	0	0	0	0	0	0	0	0
1417374	0	0	0	0	0	0	0	0	0	0	0	0	0	0	0	0
1417436	0	0	0	0	0	0	0	0	0	0	0	0	0	0	0	0
1417503	0	0	0	0	0	0	0	0	0	0	0	0	0	0	0	0
1417565	0	0	0	0	0	0	0	0	0	0	0	0	0	0	0	0
1417623	0	0	0	0	0	0	0	0	0	0	0	0	0	0	0	0
1417685	0	0	0	0	0	0	0	0	0	0	0	0	0	0	0	0
1417748	0	0	0	0	0	0	0	0	0	0	0	0	0	0	0	0
1417815	0	0	0	0	0	0	0	0	0	0	0	0	0	0	0	0
1417877	0	0	0	0	0	0	0	0	0	0	0	0	0	0	0	0
1417937	0	0	0	0	0	0	0	0	0	0	0	0	0	0	0	0
1418001	0	0	0	0	0	0	0	0	0	0	0	0	0	0	0	0
1418064	0	0	0	0	0	0	0	0	0	0	0	0	0	0	0	0
1418127	0	0	0	0	0	0	0	0	0	0	0	0	0	0	0	0
1418190	0	0	0	0	0	0	0	0	0	0	0	0	0	0	0	0
1418251	0	0	0	0	0	0	0	0	0	0	0	0	0	0	0	0
1418315	0	0	0	0	0	0	0	0	0	0	0	0	0	0	0	0
1418376	0	0	0	0	0	0	0	0	0	0	0	0	0	0	0	0
1418440	0	0	0	0	0	0	0	0	0	0	0	0	0	0	0	0
1418500	0	0	0	0	0	0	0	0	0	0	0	0	0	0	0	0
1418565	0	0	0	0	0	0	0	0	0	0	0	0	0	0	0	0
1418627	0	0	0	0	0	0	0	0	0	0	0	0	0	0	0	0
1418688	0	0	0	0	0	0	0	0	0	0	0	0	0	0	0	0
1418750	0	0	0	0	0	0	0	0	0	0	0	0	0	0	0	0
1418815	0	0	0	0	0	0	0	0	0	0	0	0	0	0	0	0
1418876	0	0	0	0	0	0	0	0	0	0	0	0	0	0	0	0
1418938	0	0	0	0	0	0	0	0	0	0	0	0	0	0	0	0
1418999	0	0	0	0	0	0	0	0	0	0	0	0	0	0	0	0
1419062	0	0	0	0	0	0	0	0	0	0	0	0	0	0	0	0
1419124	0	0	0	0	0	0	0	0	0	0	0	0	0	0	0	0
1419190	0	0	0	0	0	0	0	0	0	0	0	0	0	0	0	0
1419250	0	0	0	0	0	0	0	0	0	0	0	0	0	0	0	0
1419313	0	0	0	0	0	0	0	0	0	0	0	0	0	0	0	0
1419374	0	0	0	0	0	0	0	0	0	0	0	0	0	0	0	0
1419440	0	0	0	0	0	0	0	0	0	0	0	0	0	0	0	0
1419498	0	0	0	0	0	0	0	0	0	0	0	0	0	0	0	0
1419564	0	0	0	0	0	0	0	0	0	0	0	0	0	0	0	0
1419625	0	0	0	0	0	0	0	0	0	0	0	0	0	0	0	0
1419690	0	0	0	0	0	0	0	0	0	0	0	0	0	0	0	0
1419749	0	0	0	0	0	0	0	0	0	0	0	0	0	0	0	0
1419813	0	0	0	0	0	0	0	0	0	0	0	0	0	0	0	0
1419873	0	0	0	0	0	0	0	0	0	0	0	0	0	0	0	0
1419940	0	0	0	0	0	0	0	0	0	0	0	0	0	0	0	0
1420003	0	0	0	0	0	0	0	0	0	0	0	0	0	0	0	0
1420063	0	0	0	0	0	0	0	0	0	0	0	0	0	0	0	0
1420128	0	0	0	0	0	0	0	0	0	0	0	0	0	0	0	0
1420189	0	0	0	0	0	0	0	0	0	0	0	0	0	0	0	0
1420252	0	0	0	0	0	0	0	0	0	0	0	0	0	0	0	0
1420313	0	0	0	0	0	0	0	0	0	0	0	0	0	0	0	0
1420378	0	0	0	0	0	0	0	0	0	0	0	0	0	0	0	0
1420438	0	0	0	0	0	0	0	0	0	0	0	0	0	0	0	0
1420498	0	0	0	0	0	0	0	0	0	0	0	0	0	0	0	0
1420562	0	0	0	0	0	0	0	0	0	0	0	0	0	0	0	0
1420625	0	0	0	0	0	0	0	0	0	0	0	0	0	0	0	0
1420688	0	0	0	0	0	0	0	1	0	0	0	0	1	0	0	0
1420749	0	0	0	0	0	0	0	1	0	0	0	0	1	0	0	0
1420812	0	0	0	0	0	0	0	1	0	0	0	0	1	0	0	0
1420875	0	0	0	0	0	0	0	1	0	0	0	0	1	0	0	0
1420937	0	0	0	0	0	0	0	0	0	0	0	0	0	0	0	0
1420999	0	0	0	0	0	0	0	0	0	0	0	0	0	0	0	0
1421061	0	0	0	0	0	0	0	0	0	0	0	0	0	0	0	0
1421123	0	0	0	0	0	0	0	0	0	0	0	0	0	0	0	0
1421187	0	0	0	0	0	0	0	0	0	0	0	0	0	0	0	0
1421252	0	0	0	0	0	0	0	0	0	0	0	0	0	0	0	0
1421310	0	0	0	0	0	0	0	0	0	0	0	0	0	0	0	0
1421377	0	0	0	0	0	0	0	0	0	0	0	0	0	0	0	0
1421436	0	0	0	0	0	0	0	0	0	0	0	0	0	0	0	0
1421502	0	0	0	0	0	0	0	0	0	0	0	0	0	0	0	0
1421564	0	0	0	0	0	0	0	1	0	0	0	0	0	1	0	0
1421627	0	0	0	0	0	0	0	1	0	0	0	0	0	1	0	0
1421689	0	0	0	0	0	0	0	1	0	0	0	0	0	1	0	0
1421752	0	0	0	0	0	0	0	1	0	0	0	0	0	0	0	0
1421815	0	0	0	0	0	0	0	0	0	0	0	0	0	0	0	0
1421873	0	0	0	0	0	0	0	0	0	0	0	0	0	0	0	0
1421941	0	0	0	0	0	0	0	0	0	0	0	0	0	0	0	0
1422001	0	0	0	0	0	0	0	0	0	0	0	0	0	0	0	0
1422066	0	0	0	0	0	0	0	0	0	0	0	0	0	0	0	0
1422124	0	0	0	0	0	0	0	0	0	0	0	0	0	0	0	0
1422191	0	0	0	0	0	0	0	0	0	0	0	0	0	0	0	0
1422251	0	0	0	0	0	0	0	0	0	0	0	0	0	0	0	0
1422313	0	0	0	0	0	0	0	0	0	0	0	0	0	0	0	0
1422374	0	0	0	0	0	0	0	0	0	0	0	0	0	0	0	0
1422437	0	0	0	0	0	0	0	0	0	0	0	0	0	0	0	0
1422501	0	0	0	0	0	0	0	1	0	0	0	0	1	0	0	0
1422566	0	0	0	0	0	0	0	1	0	0	0	0	1	0	0	0
1422624	0	0	0	0	0	0	0	0	0	0	0	0	0	0	0	0
1422690	0	0	0	0	0	0	0	0	0	0	0	0	0	0	0	0
1422750	0	0	0	0	0	0	0	0	0	0	0	0	0	0	0	0
1422816	0	0	0	0	0	0	0	0	0	0	0	0	0	0	0	0
1422873	0	0	0	0	0	0	0	0	0	0	0	0	0	0	0	0
1422939	0	0	0	0	0	0	0	0	0	0	0	0	0	0	0	0
1422998	0	0	0	0	0	0	0	0	0	0	0	0	0	0	0	0
1423065	0	0	0	0	0	0	0	0	0	0	0	0	0	0	0	0
1423123	0	0	0	0	0	0	0	0	0	0	0	0	0	0	0	0
1423187	0	0	0	0	0	0	0	0	0	0	0	0	0	0	0	0
1423248	0	0	0	0	0	0	0	0	0	0	0	0	0	0	0	0
1423314	0	0	0	0	0	0	0	0	0	0	0	0	0	0	0	0
1423378	0	0	0	0	0	0	0	0	0	0	0	0	0	0	0	0
1423438	0	0	0	0	0	0	0	0	0	0	0	0	0	0	0	0
1423501	0	0	0	0	0	0	0	0	0	0	0	0	0	0	0	0
1423564	0	0	0	0	0	0	0	0	0	0	0	0	0	0	0	0
1423627	0	0	0	0	0	0	0	0	0	0	0	0	0	0	0	0
1423688	0	0	0	0	0	0	0	0	0	0	0	0	0	0	0	0
1423752	0	0	0	0	0	0	0	0	0	0	0	0	0	0	0	0
1423814	0	0	0	0	0	0	0	0	0	0	0	0	0	0	0	0
1423876	0	0	0	0	0	0	0	0	0	0	0	0	0	0	0	0
1423937	0	0	0	0	0	0	0	0	0	0	0	0	0	0	0	0
1424003	0	0	0	0	0	0	0	0	0	0	0	0	0	0	0	0
1424062	0	0	0	0	0	0	0	0	0	0	0	0	0	0	0	0
1424126	0	0	0	0	0	0	0	0	0	0	0	0	0	0	0	0
1424187	0	0	0	0	0	0	0	0	0	0	0	0	0	0	0	0
1424249	0	0	0	0	0	0	0	0	0	0	0	0	0	0	0	0
1424312	0	0	0	0	0	0	0	0	0	0	0	0	0	0	0	0
1424377	0	0	0	0	0	0	0	0	0	0	0	0	0	0	0	0
1424436	0	0	0	0	0	0	0	0	0	0	0	0	0	0	0	0
1424501	0	0	0	0	0	0	0	0	0	0	0	0	0	0	0	0
1424561	0	0	0	0	0	0	0	0	0	0	0	0	0	0	0	0
1424627	0	0	0	0	0	0	0	0	0	0	0	0	0	0	0	0
1424691	0	0	0	0	0	0	0	0	0	0	0	0	0	0	0	0
1424748	0	0	0	0	0	0	0	0	0	0	0	0	0	0	0	0
1424811	0	0	0	0	0	0	0	0	0	0	0	0	0	0	0	0
1424875	0	0	0	0	0	0	0	0	0	0	0	0	0	0	0	0
1424941	0	0	0	0	0	0	0	0	0	0	0	0	0	0	0	0
1425002	0	0	0	0	0	0	0	0	0	0	0	0	0	0	0	0
1425061	0	0	0	0	0	0	0	0	0	0	0	0	0	0	0	0
1425127	0	0	0	0	0	0	0	0	0	0	0	0	0	0	0	0
1425189	0	0	0	0	0	0	0	0	0	0	0	0	0	0	0	0
1425251	0	0	0	0	0	0	0	0	0	0	0	0	0	0	0	0
1425314	0	0	0	0	0	0	0	0	0	0	0	0	0	0	0	0
1425377	0	0	0	0	0	0	0	0	0	0	0	0	0	0	0	0
1425440	0	0	0	0	0	0	0	0	0	0	0	0	0	0	0	0
1425498	0	0	0	0	0	0	0	0	0	0	0	0	0	0	0	0
1425565	0	0	0	0	0	0	0	0	0	0	0	0	0	0	0	0
1425626	0	0	0	0	0	0	0	0	0	0	0	0	0	0	0	0
1425690	0	0	0	0	0	0	0	0	0	0	0	0	0	0	0	0
1425750	0	0	0	0	0	0	0	0	0	0	0	0	0	0	0	0
1425815	0	0	0	0	0	0	0	0	0	0	0	0	0	0	0	0
1425875	0	0	0	0	0	0	0	0	0	0	0	0	0	0	0	0
1425941	0	0	0	0	0	0	0	0	0	0	0	0	0	0	0	0
1426001	0	0	0	0	0	0	0	0	0	0	0	0	0	0	0	0
1426062	0	0	0	0	0	0	0	0	0	0	0	0	0	0	0	0
1426125	0	0	0	0	0	0	0	0	0	0	0	0	0	0	0	0
1426190	0	0	0	0	0	0	0	0	0	0	0	0	0	0	0	0
1426249	0	0	0	0	0	0	0	0	0	0	0	0	0	0	0	0
1426315	0	0	0	0	0	0	0	0	0	0	0	0	0	0	0	0
1426373	0	0	0	0	0	0	0	0	0	0	0	0	0	0	0	0
1426440	0	0	0	0	0	0	0	0	0	0	0	0	0	0	0	0
1426498	0	0	0	0	0	0	0	0	0	0	0	0	0	0	0	0
1426562	0	0	0	0	0	0	0	0	0	0	0	0	0	0	0	0
1426627	0	0	0	0	0	0	0	0	0	0	0	0	0	0	0	0
1426690	0	0	0	0	0	0	0	0	0	0	0	0	0	0	0	0
1426753	0	0	0	0	0	0	0	0	0	0	0	0	0	0	0	0
1426812	0	0	0	0	0	0	0	0	0	0	0	0	0	0	0	0
1426873	0	0	0	0	0	0	0	0	0	0	0	0	0	0	0	0
1426939	0	0	0	0	0	0	0	0	0	0	0	0	0	0	0	0
1427003	0	0	0	0	0	0	0	0	0	0	0	0	0	0	0	0
1427063	0	0	0	0	0	0	0	0	0	0	0	0	0	0	0	0
1427128	0	0	0	0	0	0	0	0	0	0	0	0	0	0	0	0
1427189	0	0	0	0	0	0	0	0	0	0	0	0	0	0	0	0
1427249	0	0	0	0	0	0	0	0	0	0	0	0	0	0	0	0
1427313	0	0	0	0	0	0	0	0	0	0	0	0	0	0	0	0
1427378	0	0	0	0	0	0	0	0	0	0	0	0	0	0	0	0
1427438	0	0	0	0	0	0	0	0	0	0	0	0	0	0	0	0
1427503	0	0	0	0	0	0	0	0	0	0	0	0	0	0	0	0
1427562	0	0	0	0	0	0	0	0	0	0	0	0	0	0	0	0
1427628	0	0	0	0	0	0	0	0	0	0	0	0	0	0	0	0
1427688	0	0	0	0	0	0	0	0	0	0	0	0	0	0	0	0
1427749	0	0	0	0	0	0	0	0	0	0	0	0	0	0	0	0
1427811	0	0	0	0	0	0	0	0	0	0	0	0	0	0	0	0
1427876	0	0	0	0	0	0	0	0	0	0	0	0	0	0	0	0
1427937	0	0	0	0	0	0	0	0	0	0	0	0	0	0	0	0
1428002	0	0	0	0	0	0	0	0	0	0	0	0	0	0	0	0
1428060	0	0	0	0	0	0	0	0	0	0	0	0	0	0	0	0
1428127	0	0	0	0	0	0	0	0	0	0	0	0	0	0	0	0
1428186	0	0	0	0	0	0	0	0	0	0	0	0	0	0	0	0
1428253	0	0	0	0	0	0	0	0	0	0	0	0	0	0	0	0
1428313	0	0	0	0	0	0	0	0	0	0	0	0	0	0	0	0
1428377	0	0	0	0	0	0	0	0	0	0	0	0	0	0	0	0
1428436	0	0	0	0	0	0	0	0	0	0	0	0	0	0	0	0
1428501	0	0	0	0	0	0	0	0	0	0	0	0	0	0	0	0
1428565	0	0	0	0	0	0	0	0	0	0	0	0	0	0	0	0
1428626	0	0	0	0	0	0	0	0	0	0	0	0	0	0	0	0
1428689	0	0	0	0	0	0	0	0	0	0	0	0	0	0	0	0
1428752	0	0	0	0	0	0	0	0	0	0	0	0	0	0	0	0
1428813	0	0	0	0	0	0	0	0	0	0	0	0	0	0	0	0
1428873	0	0	0	0	0	0	0	0	0	0	0	0	0	0	0	0
1428940	0	0	0	0	0	0	0	0	0	0	0	0	0	0	0	0
1429001	0	0	0	0	0	0	0	0	0	0	0	0	0	0	0	0
1429064	0	0	0	0	0	0	0	0	0	0	0	0	0	0	0	0
1429124	0	0	0	0	0	0	0	0	0	0	0	0	0	0	0	0
1429188	0	0	0	0	0	0	0	0	0	0	0	0	0	0	0	0
1429251	0	0	0	0	0	0	0	0	0	0	0	0	0	0	0	0
1429315	0	0	0	0	0	0	0	0	0	0	0	0	0	0	0	0
1429376	0	0	0	0	0	0	0	0	0	0	0	0	0	0	0	0
1429437	0	0	0	0	0	0	0	0	0	0	0	0	0	0	0	0
1429500	0	0	0	0	0	0	0	0	0	0	0	0	0	0	0	0
1429565	0	0	0	0	0	0	0	0	0	0	0	0	0	0	0	0
1429628	0	0	0	0	0	0	0	0	0	0	0	0	0	0	0	0
1429690	0	0	0	0	0	0	0	0	0	0	0	0	0	0	0	0
1429753	0	0	0	0	0	0	0	0	0	0	0	0	0	0	0	0
1429815	0	0	0	0	0	0	0	0	0	0	0	0	0	0	0	0
1429873	0	0	0	0	0	0	1	0	0	0	0	0	0	0	0	0
1429938	0	0	0	0	0	0	1	0	0	0	0	0	0	0	0	0
1429999	0	0	0	0	0	0	0	0	0	0	0	0	0	0	0	0
1430065	0	0	0	0	0	0	0	0	0	0	0	0	0	0	0	0
1430128	0	0	0	0	0	0	0	0	0	0	0	0	0	0	0	0
1430189	0	0	0	0	0	0	1	0	0	0	0	0	0	0	0	0
1430249	0	0	0	0	0	0	1	0	0	0	0	0	0	0	0	0
1430315	0	0	0	0	0	0	1	0	0	0	0	0	0	0	0	0
1430377	0	0	0	0	0	0	0	0	0	0	0	0	0	0	0	0
1430438	0	0	0	0	0	0	0	0	0	0	0	0	0	0	0	0
1430503	0	0	0	0	0	0	0	0	0	0	0	0	0	0	0	0
1430564	0	0	0	0	0	0	0	0	0	0	0	0	0	0	0	0
1430628	0	0	0	0	0	0	0	0	0	0	0	0	0	0	0	0
1430688	0	0	0	0	0	0	0	0	0	0	0	0	0	0	0	0
1430752	0	0	0	0	0	0	0	0	0	0	0	0	0	0	0	0
1430814	0	0	0	0	0	0	0	0	0	0	0	0	0	0	0	0
1430878	0	0	0	0	0	0	0	0	0	0	0	0	0	0	0	0
1430937	0	0	0	0	0	0	0	0	0	0	0	0	0	0	0	0
1431003	0	0	0	0	0	0	0	0	0	0	0	0	0	0	0	0
1431066	0	0	0	0	0	0	0	0	0	0	0	0	0	0	0	0
1431131	0	0	0	0	0	0	0	0	0	0	0	0	0	0	0	0
1431191	0	0	0	0	0	0	0	0	0	0	0	0	0	0	0	0
1431251	0	0	0	0	0	0	0	0	0	0	0	0	0	0	0	0
1431314	0	0	0	0	0	0	0	0	0	0	0	0	0	0	0	0
1431374	0	0	0	0	0	0	0	0	0	0	0	0	0	0	0	0
1431437	0	0	0	0	0	0	0	0	0	0	0	0	0	0	0	0
1431504	0	0	0	0	0	0	0	0	0	0	0	0	0	0	0	0
1431561	0	0	0	0	0	0	0	0	0	0	0	0	0	0	0	0
1431628	0	0	0	0	0	0	0	0	0	0	0	0	0	0	0	0
1431686	0	0	0	0	0	0	1	0	0	0	0	0	0	0	0	0
1431752	0	0	0	0	0	0	1	0	0	0	0	0	0	0	0	0
1431811	0	0	0	0	0	0	0	0	0	0	0	0	0	0	0	0
1431877	0	0	0	0	0	0	0	0	0	0	0	0	0	0	0	0
1431936	0	0	0	0	0	0	0	0	0	0	0	0	0	0	0	0
1432002	0	0	0	0	0	0	0	0	0	0	0	0	0	0	0	0
1432065	0	0	0	0	0	0	0	0	0	0	0	0	0	0	0	0
1432129	0	0	0	0	0	0	0	0	0	0	0	0	0	0	0	0
1432191	0	0	0	0	0	0	0	0	0	0	0	0	0	0	0	0
1432252	0	0	0	0	0	0	0	0	0	0	0	0	0	0	0	0
1432313	0	0	0	0	0	0	0	0	0	0	0	0	0	0	0	0
1432378	0	0	0	0	0	0	0	0	0	0	0	0	0	0	0	0
1432439	0	0	0	0	0	0	0	0	0	0	0	0	0	0	0	0
1432502	0	0	0	0	0	0	0	0	0	0	0	0	0	0	0	0
1432564	0	0	0	0	0	0	0	0	0	0	0	0	0	0	0	0
1432626	0	0	0	0	0	0	0	0	0	0	0	0	0	0	0	0
1432690	0	0	0	0	0	0	1	0	0	0	0	0	0	0	0	0
1432750	0	0	0	0	0	0	0	0	0	0	0	0	0	0	0	0
1432815	0	0	0	0	0	0	0	0	0	0	0	0	0	0	0	0
1432876	0	0	0	0	0	0	0	0	0	0	0	0	0	0	0	0
1432941	0	0	0	0	0	0	0	0	0	0	0	0	0	0	0	0
1433001	0	0	0	0	0	0	0	0	0	0	0	0	0	0	0	0
1433062	0	0	0	0	0	0	0	0	0	0	0	0	0	0	0	0
1433126	0	0	0	0	0	0	0	0	0	0	0	0	0	0	0	0
1433190	0	0	0	0	0	0	0	0	0	0	0	0	0	0	0	0
1433254	0	0	0	0	0	0	0	0	0	0	0	0	0	0	0	0
1433315	0	0	0	0	0	0	0	0	0	0	0	0	0	0	0	0
1433378	0	0	0	0	0	0	0	0	0	0	0	0	0	0	0	0
1433442	0	0	0	0	0	0	0	0	0	0	0	0	0	0	0	0
1433501	0	0	0	0	0	0	0	0	0	0	0	0	0	0	0	0
1433560	0	0	0	0	0	0	0	0	0	0	0	0	0	0	0	0
1433624	0	0	0	0	0	0	0	0	0	0	0	0	0	0	0	0
1433690	0	0	0	0	0	0	0	0	0	0	0	0	0	0	0	0
1433753	0	0	0	0	0	0	0	0	0	0	0	0	0	0	0	0
1433814	0	0	0	0	0	0	0	0	0	0	0	0	0	0	0	0
1433873	0	0	0	0	0	0	0	0	0	0	0	0	0	0	0	0
1433939	0	0	0	0	0	0	0	0	0	0	0	0	0	0	0	0
1434003	0	0	0	0	0	0	0	0	0	0	0	0	0	0	0	0
1434063	0	0	0	0	0	0	0	0	0	0	0	0	0	0	0	0
1434128	0	0	0	0	0	0	0	0	0	0	0	0	0	0	0	0
1434189	0	0	0	0	0	0	0	0	0	0	0	0	0	0	0	0
1434253	0	0	0	0	0	0	0	1	0	0	0	0	1	0	0	0
1434313	0	0	0	0	0	0	0	1	0	0	0	0	1	0	0	0
1434375	0	0	0	0	0	0	0	0	0	0	0	0	0	0	0	0
1434438	0	0	0	0	0	0	0	0	0	0	0	0	0	0	0	0
1434503	0	0	0	0	0	0	0	0	0	0	0	0	0	0	0	0
1434563	0	0	0	0	0	0	0	0	0	0	0	0	0	0	0	0
1434628	0	0	0	0	0	0	0	0	0	0	0	0	0	0	0	0
1434688	0	0	0	0	0	0	0	0	0	0	0	0	0	0	0	0
1434749	0	0	0	0	0	0	0	0	0	0	0	0	0	0	0	0
1434814	0	0	0	0	0	0	0	0	0	0	0	0	0	0	0	0
1434873	0	0	0	0	0	0	0	0	0	0	0	0	0	0	0	0
1434939	0	0	0	0	0	0	0	0	0	0	0	0	0	0	0	0
1435000	0	0	0	0	0	0	0	0	0	0	0	0	0	0	0	0
1435061	0	0	0	0	0	0	0	0	0	0	0	0	0	0	0	0
1435127	0	0	0	0	0	0	0	0	0	0	0	0	0	0	0	0
1435187	0	0	0	0	0	0	0	0	0	0	0	0	0	0	0	0
1435253	0	0	0	0	0	0	0	0	0	0	0	0	0	0	0	0
1435316	0	0	0	0	0	0	0	0	0	0	0	0	0	0	0	0
1435377	0	0	0	0	0	0	0	0	0	0	0	0	0	0	0	0
1435439	0	0	0	0	0	0	0	0	0	0	0	0	0	0	0	0
1435503	0	0	0	0	0	0	0	0	0	0	0	0	0	0	0	0
1435564	0	0	0	0	0	0	0	0	0	0	0	0	0	0	0	0
1435626	0	0	0	0	0	0	0	0	0	0	0	0	0	0	0	0
1435691	0	0	0	0	0	0	0	0	0	0	0	0	0	0	0	0
1435752	0	0	0	0	0	0	0	0	0	0	0	0	0	0	0	0
1435815	0	0	0	0	0	0	0	0	0	0	0	0	0	0	0	0
1435876	0	0	0	0	0	0	0	0	0	0	0	0	0	0	0	0
1435940	0	0	0	0	0	0	0	0	0	0	0	0	0	0	0	0
1436001	0	0	0	0	0	0	0	0	0	0	0	0	0	0	0	0
1436063	0	0	0	0	0	0	0	0	0	0	0	0	0	0	0	0
1436124	0	0	0	0	0	0	0	0	0	0	0	0	0	0	0	0
1436190	0	0	0	0	0	0	0	0	0	0	0	0	0	0	0	0
1436251	0	0	0	0	0	0	0	0	0	0	0	0	0	0	0	0
1436315	0	0	0	0	0	0	0	0	0	0	0	0	0	0	0	0
1436373	0	0	0	0	0	0	0	0	0	0	0	0	0	0	0	0
1436440	0	0	0	0	0	0	0	0	0	0	0	0	0	0	0	0
1436500	0	0	0	0	0	0	0	0	0	0	0	0	0	0	0	0
1436565	0	0	0	0	0	0	0	0	0	0	0	0	0	0	0	0
1436624	0	0	0	0	0	0	0	0	0	0	0	0	0	0	0	0
1436690	0	0	0	0	0	0	0	0	0	0	0	0	0	0	0	0
1436749	0	0	0	0	0	0	0	0	0	0	0	0	0	0	0	0
1436816	0	0	0	0	0	0	0	0	0	0	0	0	0	0	0	0
1436876	0	0	0	0	0	0	0	0	0	0	0	0	0	0	0	0
1436936	0	0	0	0	0	0	0	0	0	0	0	0	0	0	0	0
1436999	0	0	0	0	0	0	0	0	0	0	0	0	0	0	0	0
1437065	0	0	0	0	0	0	0	0	0	0	0	0	0	0	0	0
1437128	0	0	0	0	0	0	0	0	0	0	0	0	0	0	0	0
1437189	0	0	0	0	0	0	0	0	0	0	0	0	0	0	0	0
1437248	0	0	0	0	0	0	0	0	0	0	0	0	0	0	0	0
1437315	0	0	0	0	0	0	0	0	0	0	0	0	0	0	0	0
1437378	0	0	0	0	0	0	0	0	0	0	0	0	0	0	0	0
1437437	0	0	0	0	0	0	0	0	0	0	0	0	0	0	0	0
1437501	0	0	0	0	0	0	0	0	0	0	0	0	0	0	0	0
1437565	0	0	0	0	0	0	0	0	0	0	0	0	0	0	0	0
1437626	0	0	0	0	0	0	0	0	0	0	0	0	0	0	0	0
1437688	0	0	0	0	0	0	0	0	0	0	0	0	0	0	0	0
1437753	0	0	0	0	0	0	0	0	0	0	0	0	0	0	0	0
1437814	0	0	0	0	0	0	0	0	0	0	0	0	0	0	0	0
1437878	0	0	0	0	0	0	0	0	0	0	0	0	0	0	0	0
1437937	0	0	0	0	0	0	0	0	0	0	0	0	0	0	0	0
1438002	0	0	0	0	0	0	0	0	0	0	0	0	0	0	0	0
1438063	0	0	0	0	0	0	0	0	0	0	0	0	0	0	0	0
1438124	0	0	0	0	0	0	0	0	0	0	0	0	0	0	0	0
1438187	0	0	0	0	0	0	0	0	0	0	0	0	0	0	0	0
1438253	0	0	0	0	0	0	0	0	0	0	0	0	0	0	0	0
1438311	0	0	0	0	0	0	0	0	0	0	0	0	0	0	0	0
1438378	0	0	0	0	0	0	0	0	0	0	0	0	0	0	0	0
1438436	0	0	0	0	0	0	0	0	0	0	0	0	0	0	0	0
1438503	0	0	0	0	0	0	0	0	0	0	0	0	0	0	0	0
1438565	0	0	0	0	0	0	0	0	0	0	0	0	0	0	0	0
1438624	0	0	0	0	0	0	0	0	0	0	0	0	0	0	0	0
1438686	0	0	0	0	0	0	0	0	0	0	0	0	0	0	0	0
1438750	0	0	0	0	0	0	0	0	0	0	0	0	0	0	0	0
1438811	0	0	0	0	0	0	0	0	0	0	0	0	0	0	0	0
1438877	0	0	0	0	0	0	0	0	0	0	0	0	0	0	0	0
1438941	0	0	0	0	0	0	0	0	0	0	0	0	0	0	0	0
1439002	0	0	0	0	0	0	0	0	0	0	0	0	0	0	0	0
1439064	0	0	0	0	0	0	0	0	0	0	0	0	0	0	0	0
1439127	0	0	0	0	0	0	0	0	0	0	0	0	0	0	0	0
1439189	0	0	0	0	0	0	0	0	0	0	0	0	0	0	0	0
1439251	0	0	0	0	0	0	0	0	0	0	0	0	0	0	0	0
1439312	0	0	0	0	0	0	0	0	0	0	0	0	0	0	0	0
1439377	0	0	0	0	0	0	0	0	0	0	0	0	0	0	0	0
1439437	0	0	0	0	0	0	0	0	0	0	0	0	0	0	0	0
1439500	0	0	0	0	0	0	0	0	0	0	0	0	0	0	0	0
1439563	0	0	0	0	0	0	0	0	0	0	0	0	0	0	0	0
1439626	0	0	0	0	0	0	0	0	0	0	0	0	0	0	0	0
1439690	0	0	0	0	0	0	0	0	0	0	0	0	0	0	0	0
1439750	0	0	0	0	0	0	0	0	0	0	0	0	0	0	0	0
1439815	0	0	0	0	0	0	0	0	0	0	0	0	0	0	0	0
1439875	0	0	0	0	0	0	0	0	0	0	0	0	0	0	0	0
1439940	0	0	0	0	0	0	0	0	0	0	0	0	0	0	0	0
1439999	0	0	0	0	0	0	0	0	0	0	0	0	0	0	0	0
1440064	0	0	0	0	0	0	0	0	0	0	0	0	0	0	0	0
1440128	0	0	0	0	0	0	0	0	0	0	0	0	0	0	0	0
1440187	0	0	0	0	0	0	0	0	0	0	0	0	0	0	0	0
1440248	0	0	0	0	0	0	0	0	0	0	0	0	0	0	0	0
1440315	0	0	0	0	0	0	0	0	0	0	0	0	0	0	0	0
1440374	0	0	0	0	0	0	0	0	0	0	0	0	0	0	0	0
1440440	0	0	0	0	0	0	0	0	0	0	0	0	0	0	0	0
1440501	0	0	0	0	0	0	0	0	0	0	0	0	0	0	0	0
1440561	0	0	0	0	0	0	0	0	0	0	0	0	0	0	0	0
1440624	0	0	0	0	0	0	0	0	0	0	0	0	0	0	0	0
1440689	0	0	0	0	0	0	0	0	0	0	0	0	0	0	0	0
1440753	0	0	0	0	0	0	0	0	0	0	0	0	0	0	0	0
1440814	0	0	0	0	0	0	0	0	0	0	0	0	0	0	0	0
1440878	0	0	0	0	0	0	0	0	0	0	0	0	0	0	0	0
1440940	0	0	0	0	0	0	0	0	0	0	0	0	0	0	0	0
1441001	0	0	0	0	0	0	0	0	0	0	0	0	0	0	0	0
1441063	0	0	0	0	0	0	0	0	0	0	0	0	0	0	0	0
1441125	0	0	0	0	0	0	0	0	0	0	0	0	0	0	0	0
1441189	0	0	0	0	0	0	0	0	0	0	0	0	0	0	0	0
1441249	0	0	0	0	0	0	0	0	0	0	0	0	0	0	0	0
1441313	0	0	0	0	0	0	0	0	0	0	0	0	0	0	0	0
1441377	0	0	0	0	0	0	0	0	0	0	0	0	0	0	0	0
1441438	0	0	0	0	0	0	0	0	0	0	0	0	0	0	0	0
1441503	0	0	0	0	0	0	0	0	0	0	0	0	0	0	0	0
1441562	0	0	0	0	0	0	0	0	0	0	0	0	0	0	0	0
1441627	0	0	0	0	0	0	0	0	0	0	0	0	0	0	0	0
1441687	0	0	0	0	0	0	0	0	0	0	0	0	0	0	0	0
1441753	0	0	0	0	0	0	0	0	0	0	0	0	0	0	0	0
1441812	0	0	0	0	0	0	0	0	0	0	0	0	0	0	0	0
1441877	0	0	0	0	0	0	0	0	0	0	0	0	0	0	0	0
1441939	0	0	0	0	0	0	0	0	0	0	0	0	0	0	0	0
1442003	0	0	0	0	0	0	0	0	0	0	0	0	0	0	0	0
1442061	0	0	0	0	0	0	0	0	0	0	0	0	0	0	0	0
1442125	0	0	0	0	0	0	0	0	0	0	0	0	0	0	0	0
1442187	0	0	0	0	0	0	0	0	0	0	0	0	0	0	0	0
1442253	0	0	0	0	0	0	0	0	0	0	0	0	0	0	0	0
1442314	0	0	0	0	0	0	0	0	0	0	0	0	0	0	0	0
1442373	0	0	0	0	0	0	0	0	0	0	0	0	0	0	0	0
1442436	0	0	0	0	0	0	0	0	0	0	0	0	0	0	0	0
1442502	0	0	0	0	0	0	0	0	0	0	0	0	0	0	0	0
1442565	0	0	0	0	0	0	0	0	0	0	0	0	0	0	0	0
1442626	0	0	0	0	0	0	0	0	0	0	0	0	0	0	0	0
1442691	0	0	0	0	0	0	0	0	0	0	0	0	0	0	0	0
1442752	0	0	0	0	0	0	0	0	0	0	0	0	0	0	0	0
1442813	0	0	0	0	0	0	0	0	0	0	0	0	0	0	0	0
1442876	0	0	0	0	0	0	0	0	0	0	0	0	0	0	0	0
1442941	0	0	0	0	0	0	0	0	0	0	0	0	0	0	0	0
1443001	0	0	0	0	0	0	0	0	0	0	0	0	0	0	0	0
1443063	0	0	0	0	0	0	0	0	0	0	0	0	0	0	0	0
1443125	0	0	0	0	0	0	0	0	0	0	0	0	0	0	0	0
1443191	0	0	0	0	0	0	0	0	0	0	0	0	0	0	0	0
1443251	0	0	0	0	0	0	0	0	0	0	0	0	0	0	0	0
1443316	0	0	0	0	0	0	0	0	0	0	0	0	0	0	0	0
1443376	0	0	0	0	0	0	0	0	0	0	0	0	0	0	0	0
1443437	0	0	0	0	0	0	0	0	0	0	0	0	0	0	0	0
1443500	0	0	0	0	0	0	0	0	0	0	0	0	0	0	0	0
1443562	0	0	0	0	0	0	0	0	0	0	0	0	0	0	0	0
1443624	0	0	0	0	0	0	0	0	0	0	0	0	0	0	0	0
1443686	0	0	0	0	0	0	0	0	0	0	0	0	0	0	0	0
1443750	0	0	0	0	0	0	0	0	0	0	0	0	0	0	0	0
1443815	0	0	0	0	0	0	0	0	0	0	0	0	0	0	0	0
1443873	0	0	0	0	0	0	0	0	0	0	0	0	0	0	0	0
1443940	0	0	0	0	0	0	0	0	0	0	0	0	0	0	0	0
1444002	0	0	0	0	0	0	0	0	0	0	0	0	0	0	0	0
1444061	0	0	0	0	0	0	0	0	0	0	0	0	0	0	0	0
1444123	0	0	0	0	0	0	0	0	0	0	0	0	0	0	0	0
1444189	0	0	0	0	0	0	0	0	0	0	0	0	0	0	0	0
1444248	0	0	0	0	0	0	0	0	0	0	0	0	0	0	0	0
1444315	0	0	0	0	0	0	0	0	0	0	0	0	0	0	0	0
1444376	0	0	0	0	0	0	0	0	0	0	0	0	0	0	0	0
1444439	0	0	0	0	0	0	0	0	0	0	0	0	0	0	0	0
1444499	0	0	0	0	0	0	0	0	0	0	0	0	0	0	0	0
1444564	0	0	0	0	0	0	0	0	0	0	0	0	0	0	0	0
1444628	0	0	0	0	0	0	0	0	0	0	0	0	0	0	0	0
1444688	0	0	0	0	0	0	0	0	0	0	0	0	0	0	0	0
1444750	0	0	0	0	0	0	0	0	0	0	0	0	0	0	0	0
1444814	0	0	0	0	0	0	0	0	0	0	0	0	0	0	0	0
1444878	0	0	0	0	0	0	0	0	0	0	0	0	0	0	0	0
1444937	0	0	0	0	0	0	0	0	0	0	0	0	0	0	0	0
1445002	0	0	0	0	0	0	0	0	0	0	0	0	0	0	0	0
1445063	0	0	0	0	0	0	0	0	0	0	0	0	0	0	0	0
1445123	0	0	0	0	0	0	0	0	0	0	0	0	0	0	0	0
1445187	0	0	0	0	0	0	0	0	0	0	0	0	0	0	0	0
1445249	0	0	0	0	0	0	0	0	0	0	0	0	0	0	0	0
1445313	0	0	0	0	0	0	0	0	0	0	0	0	0	0	0	0
1445375	0	0	0	0	0	0	0	0	0	0	0	0	0	0	0	0
1445436	0	0	0	0	0	0	0	1	0	0	0	0	0	0	0	0
1445502	0	0	0	0	0	0	0	0	0	0	0	0	0	0	0	0
1445562	0	0	0	0	0	0	0	0	0	0	0	0	0	0	0	0
1445625	0	0	0	0	0	0	0	0	0	0	0	0	0	0	0	0
1445686	0	0	0	0	0	0	0	0	0	0	0	0	0	0	0	0
1445752	0	0	0	0	0	0	0	0	0	0	0	0	0	0	0	0
1445811	0	0	0	0	0	0	0	0	0	0	0	0	0	0	0	0
1445877	0	0	0	0	0	0	0	0	0	0	0	0	0	0	0	0
1445938	0	0	0	0	0	0	0	0	0	0	0	0	0	0	0	0
1446002	0	0	0	0	0	0	0	0	0	0	0	0	0	0	0	0
1446065	0	0	0	0	0	0	0	0	0	0	0	0	0	0	0	0
1446127	0	0	0	0	0	0	0	0	0	0	0	0	0	0	0	0
1446191	0	0	0	0	0	0	0	0	0	0	0	0	0	0	0	0
1446251	0	0	0	0	0	0	0	0	0	0	0	0	0	0	0	0
1446315	0	0	0	0	0	0	0	0	0	0	0	0	0	0	0	0
1446376	0	0	0	0	0	0	0	0	0	0	0	0	0	0	0	0
1446437	0	0	0	0	0	0	0	0	0	0	0	0	0	0	0	0
1446501	0	0	0	0	0	0	0	0	0	0	0	0	0	0	0	0
1446565	0	0	0	0	0	0	0	0	0	0	0	0	0	0	0	0
1446626	0	0	0	0	0	0	0	0	0	0	0	0	0	0	0	0
1446687	0	0	0	0	0	0	0	0	0	0	0	0	0	0	0	0
1446750	0	0	0	0	0	0	0	0	0	0	0	0	0	0	0	0
1446815	0	0	0	0	0	0	0	0	0	0	0	0	0	0	0	0
1446875	0	0	0	0	0	0	0	0	0	0	0	0	0	0	0	0
1446941	0	0	0	0	0	0	0	0	0	0	0	0	0	0	0	0
1447000	0	0	0	0	0	0	0	0	0	0	0	0	0	0	0	0
1447065	0	0	0	0	0	0	0	0	0	0	0	0	0	0	0	0
1447125	0	0	0	0	0	0	0	0	0	0	0	0	0	0	0	0
1447190	0	0	0	0	0	0	0	0	0	0	0	0	0	0	0	0
1447249	0	0	0	0	0	0	0	0	0	0	0	0	0	0	0	0
1447311	0	0	0	0	0	0	0	0	0	0	0	0	0	0	0	0
1447374	0	0	0	0	0	0	0	0	0	0	0	0	0	0	0	0
1447437	0	0	0	0	0	0	0	0	0	0	0	0	0	0	0	0
1447498	0	0	0	0	0	0	0	0	0	0	0	0	0	0	0	0
1447564	0	0	0	0	0	0	0	0	0	0	0	0	0	0	0	0
1447624	0	0	0	0	0	0	0	0	0	0	0	0	0	0	0	0
1447689	0	0	0	0	0	0	0	0	0	0	0	0	0	0	0	0
1447753	0	0	0	0	0	0	0	0	0	0	0	0	0	0	0	0
1447814	0	0	0	0	0	0	0	0	0	0	0	0	0	0	0	0
1447876	0	0	0	0	0	0	1	0	0	0	0	0	0	0	0	0
1447939	0	0	0	0	0	0	1	0	0	0	0	0	0	0	0	0
1448003	0	0	0	0	0	0	1	0	0	0	0	0	0	0	0	0
1448063	0	0	0	0	0	0	0	0	0	0	0	0	0	0	0	0
1448128	0	0	0	0	0	0	0	0	0	0	0	0	0	0	0	0
1448189	0	0	0	0	0	0	0	0	0	0	0	0	0	0	0	0
1448252	0	0	0	0	0	0	0	0	0	0	0	0	0	0	0	0
1448313	0	0	0	0	0	0	0	0	0	0	0	0	0	0	0	0
1448378	0	0	0	0	0	0	0	0	0	0	0	0	0	0	0	0
1448438	0	0	0	0	0	0	0	0	0	0	0	0	0	0	0	0
1448502	0	0	0	0	0	0	0	0	0	0	0	0	0	0	0	0
1448562	0	0	0	0	0	0	1	0	0	0	0	0	0	0	0	0
1448628	0	0	0	0	0	0	1	0	0	0	0	0	0	0	0	0
1448688	0	0	0	0	0	0	0	0	0	0	0	0	0	0	0	0
1448752	0	0	0	0	0	0	0	0	0	0	0	0	0	0	0	0
1448811	0	0	0	0	0	0	0	0	0	0	0	0	0	0	0	0
1448878	0	0	0	0	0	0	0	0	0	0	0	0	0	0	0	0
1448937	0	0	0	0	0	0	0	0	0	0	0	0	0	0	0	0
1449003	0	0	0	0	0	0	0	0	0	0	0	0	0	0	0	0
1449061	0	0	0	0	0	0	0	0	0	0	0	0	0	0	0	0
1449127	0	0	0	0	0	0	0	0	0	0	0	0	0	0	0	0
1449187	0	0	0	0	0	0	0	0	0	0	0	0	0	0	0	0
1449253	0	0	0	0	0	0	0	0	0	0	0	0	0	0	0	0
1449316	0	0	0	0	0	0	0	0	0	0	0	0	0	0	0	0
1449373	0	0	0	0	0	0	0	0	0	0	0	0	0	0	0	0
1449436	0	0	0	0	0	0	0	0	0	0	0	0	0	0	0	0
1449502	0	0	0	0	0	0	0	0	0	0	0	0	0	0	0	0
1449566	0	0	0	0	0	0	0	0	0	0	0	0	0	0	0	0
1449626	0	0	0	0	0	0	0	0	0	0	0	0	0	0	0	0
1449685	0	0	0	0	0	0	0	0	0	0	0	0	0	0	0	0
1449752	0	0	0	0	0	0	0	0	0	0	0	0	0	0	0	0
1449812	0	0	0	0	0	0	0	0	0	0	0	0	0	0	0	0
1449876	0	0	0	0	0	0	0	0	0	0	0	0	0	0	0	0
1449940	0	0	0	0	0	0	0	0	0	0	0	0	0	0	0	0
1450000	0	0	0	0	0	0	0	0	0	0	0	0	0	0	0	0
1450065	0	0	0	0	0	0	0	0	0	0	0	0	0	0	0	0
1450125	0	0	0	0	0	0	0	0	0	0	0	0	0	0	0	0
1450191	0	0	0	0	0	0	0	0	0	0	0	0	0	0	0	0
1450251	0	0	0	0	0	0	0	0	0	0	0	0	0	0	0	0
1450315	0	0	0	0	0	0	0	0	0	0	0	0	0	0	0	0
1450374	0	0	0	0	0	0	0	0	0	0	0	0	0	0	0	0
1450440	0	0	0	0	0	0	0	0	0	0	0	0	0	0	0	0
1450503	0	0	0	0	0	0	0	0	0	0	0	0	0	0	0	0
1450563	0	0	0	0	0	0	0	0	0	0	0	0	0	0	0	0
1450624	0	0	0	0	0	0	0	0	0	0	0	0	0	0	0	0
1450686	0	0	0	0	0	0	0	0	0	0	0	0	0	0	0	0
1450750	0	0	0	0	0	0	0	0	0	0	0	0	0	0	0	0
1450811	0	0	0	0	0	0	0	0	0	0	0	0	0	0	0	0
1450873	0	0	0	0	0	0	0	0	0	0	0	0	0	0	0	0
1450938	0	0	0	0	0	0	0	0	0	0	0	0	0	0	0	0
1450999	0	0	0	0	0	0	0	0	0	0	0	0	0	0	0	0
1451065	0	0	0	0	0	0	0	0	0	0	0	0	0	0	0	0
1451128	0	0	0	0	0	0	0	0	0	0	0	0	0	0	0	0
1451188	0	0	0	0	0	0	0	0	0	0	0	0	0	0	0	0
1451248	0	0	0	0	0	0	0	0	0	0	0	0	0	0	0	0
1451315	0	0	0	0	0	0	0	0	0	0	0	0	0	0	0	0
1451376	0	0	0	0	0	0	0	0	0	0	0	0	0	0	0	0
1451437	0	0	0	0	0	0	0	0	0	0	0	0	0	0	0	0
1451500	0	0	0	0	0	0	0	0	0	0	0	0	0	0	0	0
1451565	0	0	0	0	0	0	0	0	0	0	0	0	0	0	0	0
1451626	0	0	0	0	0	0	0	0	0	0	0	0	0	0	0	0
1451688	0	0	0	0	0	0	0	0	0	0	0	0	0	0	0	0
1451750	0	0	0	0	0	0	0	0	0	0	0	0	0	0	0	0
1451814	0	0	0	0	0	0	0	0	0	0	0	0	0	0	0	0
1451874	0	0	0	0	0	0	0	0	0	0	0	0	0	0	0	0
1451937	0	0	0	0	0	0	0	0	0	0	0	0	0	0	0	0
1452000	0	0	0	0	0	0	0	0	0	0	0	0	0	0	0	0
1452064	0	0	0	0	0	0	0	0	0	0	0	0	0	0	0	0
1452126	0	0	0	0	0	0	0	0	0	0	0	0	0	0	0	0
1452187	0	0	0	0	0	0	0	0	0	0	0	0	0	0	0	0
1452253	0	0	0	0	0	0	0	0	0	0	0	0	0	0	0	0
1452312	0	0	0	0	0	0	0	0	0	0	0	0	0	0	0	0
1452377	0	0	0	0	0	0	0	0	0	0	0	0	0	0	0	0
1452437	0	0	0	0	0	0	0	0	0	0	0	0	0	0	0	0
1452501	0	0	0	0	0	0	0	0	0	0	0	0	0	0	0	0
1452562	0	0	0	0	0	0	0	0	0	0	0	0	0	0	0	0
1452628	0	0	0	0	0	0	0	0	0	0	0	0	0	0	0	0
1452686	0	0	0	0	0	0	0	0	0	0	0	0	0	0	0	0
1452752	0	0	0	0	0	0	0	0	0	0	0	0	0	0	0	0
1452811	0	0	0	0	0	0	0	0	0	0	0	0	0	0	0	0
1452878	0	0	0	0	0	0	0	0	0	0	0	0	0	0	0	0
1452939	0	0	0	0	0	0	0	0	0	0	0	0	0	0	0	0
1453001	0	0	0	0	0	0	0	0	0	0	0	0	0	0	0	0
1453061	0	0	0	0	0	0	0	0	0	0	0	0	0	0	0	0
1453127	0	0	0	0	0	0	0	0	0	0	0	0	0	0	0	0
1453191	0	0	0	0	0	0	0	0	0	0	0	0	0	0	0	0
1453254	0	0	0	0	0	0	0	0	0	0	0	0	0	0	0	0
1453317	0	0	0	0	0	0	0	0	0	0	0	0	0	0	0	0
1453377	0	0	0	0	0	0	0	0	0	0	0	0	0	0	0	0
1453440	0	0	0	0	0	0	0	0	0	0	0	0	0	0	0	0
1453500	0	0	0	0	0	0	0	0	0	0	0	0	0	0	0	0
1453563	0	0	0	0	0	0	0	0	0	0	0	0	0	0	0	0
1453626	0	0	0	0	0	0	0	0	0	0	0	0	0	0	0	0
1453690	0	0	0	0	0	0	0	0	0	0	0	0	0	0	0	0
1453750	0	0	0	0	0	0	0	0	0	0	0	0	0	0	0	0
1453815	0	0	0	0	0	0	0	0	0	0	0	0	0	0	0	0
1453875	0	0	0	0	0	0	0	0	0	0	0	0	0	0	0	0
1453940	0	0	0	0	0	0	0	0	0	0	0	0	0	0	0	0
1453999	0	0	0	0	0	0	0	0	0	0	0	0	0	0	0	0
1454067	0	0	0	0	0	0	0	0	0	0	0	0	0	0	0	0
1454126	0	0	0	0	0	0	0	0	0	0	0	0	0	0	0	0
1454189	0	0	0	0	0	0	0	0	0	0	0	0	0	0	0	0
1454249	0	0	0	0	0	0	0	0	0	0	0	0	0	0	0	0
1454312	0	0	0	0	0	0	0	0	0	0	0	0	0	0	0	0
1454374	0	0	0	0	0	0	0	0	0	0	0	0	0	0	0	0
1454440	0	0	0	0	0	0	0	0	0	0	0	0	0	0	0	0
1454503	0	0	0	0	0	0	0	0	0	0	0	0	0	0	0	0
1454560	0	0	0	0	0	0	0	0	0	0	0	0	0	0	0	0
1454627	0	0	0	0	0	0	0	0	0	0	0	0	0	0	0	0
1454690	0	0	0	0	0	0	0	0	0	0	0	0	0	0	0	0
1454752	0	0	0	0	0	0	0	0	0	0	0	0	0	0	0	0
1454811	0	0	0	0	0	0	0	0	0	0	0	0	0	0	0	0
1454873	0	0	0	0	0	0	0	0	0	0	0	0	0	0	0	0
1454939	0	0	0	0	0	0	0	0	0	0	0	0	0	0	0	0
1455003	0	0	0	0	0	0	0	0	0	0	0	0	0	0	0	0
1455062	0	0	0	0	0	0	0	0	0	0	0	0	0	0	0	0
1455128	0	0	0	0	0	0	0	0	0	0	0	0	0	0	0	0
1455189	0	0	0	0	0	0	0	0	0	0	0	0	0	0	0	0
1455252	0	0	0	0	0	0	0	0	0	0	0	0	0	0	0	0
1455315	0	0	0	0	0	0	0	0	0	0	0	0	0	0	0	0
1455378	0	0	0	0	0	0	0	0	0	0	0	0	0	0	0	0
1455440	0	0	0	0	0	0	0	0	0	0	0	0	0	0	0	0
1455502	0	0	0	0	0	0	0	0	0	0	0	0	0	0	0	0
1455561	0	0	0	0	0	0	0	0	0	0	0	0	0	0	0	0
1455628	0	0	0	0	0	0	0	0	0	0	0	0	0	0	0	0
1455688	0	0	0	0	0	0	0	0	0	0	0	0	0	0	0	0
1455753	0	0	0	0	0	0	0	0	0	0	0	0	0	0	0	0
1455812	0	0	0	0	0	0	0	0	0	0	0	0	0	0	0	0
1455876	0	0	0	0	0	0	0	0	0	0	0	0	0	0	0	0
1455937	0	0	0	0	0	0	0	0	0	0	0	0	0	0	0	0
1455999	0	0	0	0	0	0	0	0	0	0	0	0	0	0	0	0
1456061	0	0	0	0	0	0	0	0	0	0	0	0	0	0	0	0
1456127	0	0	0	0	0	0	0	0	0	0	0	0	0	0	0	0
1456187	0	0	0	0	0	0	0	0	0	0	0	0	0	0	0	0
1456254	0	0	0	0	0	0	0	0	0	0	0	0	0	0	0	0
1456314	0	0	0	0	0	0	0	0	0	0	0	0	0	0	0	0
1456373	0	0	0	0	0	0	0	0	0	0	0	0	0	0	0	0
1456436	0	0	0	0	0	0	0	0	0	0	0	0	0	0	0	0
1456499	0	0	0	0	0	0	0	0	0	0	0	0	0	0	0	0
1456565	0	0	0	0	0	0	0	0	0	0	0	0	0	0	0	0
1456626	0	0	0	0	0	0	0	0	0	0	0	0	0	0	0	0
1456690	0	0	0	0	0	0	0	0	0	0	0	0	0	0	0	0
1456752	0	0	0	0	0	0	0	0	0	0	0	0	0	0	0	0
1456815	0	0	0	0	0	0	0	0	0	0	0	0	0	0	0	0
1456876	0	0	0	0	0	0	0	0	0	0	0	0	0	0	0	0
1456940	0	0	0	0	0	0	0	0	0	0	0	0	0	0	0	0
1457001	0	0	0	0	0	0	0	0	0	0	0	0	0	0	0	0
1457064	0	0	0	0	0	0	0	0	0	0	0	0	0	0	0	0
1457125	0	0	0	0	0	0	0	0	0	0	0	0	0	0	0	0
1457188	0	0	0	0	0	0	0	0	0	0	0	0	0	0	0	0
1457251	0	0	0	0	0	0	0	0	0	0	0	0	0	0	0	0
1457313	0	0	0	0	0	0	0	0	0	0	0	0	0	0	0	0
1457374	0	0	0	0	0	0	0	0	0	0	0	0	0	0	0	0
1457437	0	0	0	0	0	0	0	0	0	0	0	0	0	0	0	0
1457500	0	0	0	0	0	0	0	0	0	0	0	0	0	0	0	0
1457563	0	0	0	0	0	0	0	0	0	0	0	0	0	0	0	0
1457624	0	0	0	0	0	0	0	0	0	0	0	0	0	0	0	0
1457689	0	0	0	0	0	0	0	0	0	0	0	0	0	0	0	0
1457749	0	0	0	0	0	0	0	0	0	0	0	0	0	0	0	0
1457816	0	0	0	0	0	0	0	0	0	0	0	0	0	0	0	0
1457873	0	0	0	0	0	0	0	0	0	0	0	0	0	0	0	0
1457938	0	0	0	0	0	0	0	0	0	0	0	0	0	0	0	0
1457998	0	0	0	0	0	0	0	0	0	0	0	0	0	0	0	0
1458065	0	0	0	0	0	0	0	0	0	0	0	0	0	0	0	0
1458128	0	0	0	0	0	0	0	0	0	0	0	0	0	0	0	0
1458189	0	0	0	0	0	0	0	0	0	0	0	0	0	0	0	0
1458251	0	0	0	0	0	0	0	0	0	0	0	0	0	0	0	0
1458315	0	0	0	0	0	0	0	0	0	0	0	0	0	0	0	0
1458378	0	0	0	0	0	0	0	0	0	0	0	0	0	0	0	0
1458439	0	0	0	0	0	0	0	0	0	0	0	0	0	0	0	0
1458503	0	0	0	0	0	0	0	0	0	0	0	0	0	0	0	0
1458564	0	0	0	0	0	0	0	0	0	0	0	0	0	0	0	0
1458628	0	0	0	0	0	0	0	0	0	0	0	0	0	0	0	0
1458688	0	0	0	0	0	0	0	0	0	0	0	0	0	0	0	0
1458750	0	0	0	0	0	0	0	0	0	0	0	0	0	0	0	0
1458814	0	0	0	0	0	0	0	0	0	0	0	0	0	0	0	0
1458878	0	0	0	0	0	0	0	0	0	0	0	0	0	0	0	0
1458937	0	0	0	0	0	0	0	0	0	0	0	0	0	0	0	0
1459003	0	0	0	0	0	0	0	0	0	0	0	0	0	0	0	0
1459063	0	0	0	0	0	0	0	0	0	0	0	0	0	0	0	0
1459127	0	0	0	0	0	0	0	0	0	0	0	0	0	0	0	0
1459187	0	0	0	0	0	0	0	0	0	0	0	0	0	0	0	0
1459252	0	0	0	0	0	0	0	0	0	0	0	0	0	0	0	0
1459312	0	0	0	0	0	0	0	0	0	0	0	0	0	0	0	0
1459378	0	0	0	0	0	0	0	0	0	0	0	0	0	0	0	0
1459436	0	0	0	0	0	0	0	0	0	0	0	0	0	0	0	0
1459503	0	0	0	0	0	0	0	0	0	0	0	0	0	0	0	0
1459562	0	0	0	0	0	0	0	0	0	0	0	0	0	0	0	0
1459628	0	0	0	0	0	0	0	0	0	0	0	0	0	0	0	0
1459690	0	0	0	0	0	0	0	0	0	0	0	0	0	0	0	0
1459748	0	0	0	0	0	0	0	0	0	0	0	0	0	0	0	0
1459811	0	0	0	0	1	0	0	0	0	0	0	0	0	0	0	0
1459878	0	0	0	0	1	0	0	0	0	0	0	0	0	0	0	0
1459940	0	0	0	0	0	0	0	0	0	0	0	0	0	0	0	0
1460002	0	0	0	0	0	0	0	0	0	0	0	0	0	0	0	0
1460060	0	0	0	0	0	0	0	0	0	0	0	0	0	0	0	0
1460127	0	0	0	0	0	0	0	0	0	0	0	0	0	0	0	0
1460187	0	0	0	0	0	0	0	0	0	0	0	0	0	0	0	0
1460251	0	0	0	0	0	0	0	0	0	0	0	0	0	0	0	0
1460316	0	0	0	0	0	0	0	0	0	0	0	0	0	0	0	0
1460376	0	0	0	0	0	0	1	0	0	0	0	0	0	0	0	0
1460440	0	0	0	0	0	0	1	0	0	0	0	0	0	0	0	0
1460500	0	0	0	0	0	0	0	0	0	0	0	0	0	0	0	0
1460562	0	0	0	0	0	0	0	0	0	0	0	0	0	0	0	0
1460626	0	0	0	0	0	0	0	0	0	0	0	0	0	0	0	0
1460690	0	0	0	0	0	0	0	0	0	0	0	0	0	0	0	0
1460750	0	0	0	0	0	0	0	0	0	0	0	0	0	0	0	0
1460811	0	0	0	0	0	0	0	0	0	0	0	0	0	0	0	0
1460875	0	0	0	0	0	0	0	0	0	0	0	0	0	0	0	0
1460940	0	0	0	0	0	0	0	0	0	0	0	0	0	0	0	0
1460999	0	0	0	0	0	0	0	0	0	0	0	0	0	0	0	0
1461063	0	0	0	0	0	0	0	0	0	0	0	0	0	0	0	0
1461128	0	0	0	0	0	0	0	0	0	0	0	0	0	0	0	0
1461188	0	0	0	0	0	0	0	0	0	0	0	0	0	0	0	0
1461248	0	0	0	0	0	0	0	0	0	0	0	0	0	0	0	0
1461314	0	0	0	0	0	0	0	0	0	0	0	0	0	0	0	0
1461374	0	0	0	0	0	0	0	0	0	0	0	0	0	0	0	0
1461440	0	0	0	0	0	0	0	0	0	0	0	0	0	0	0	0
1461500	0	0	0	0	0	0	0	0	0	0	0	0	0	0	0	0
1461560	0	0	0	0	0	0	0	0	0	0	0	0	0	0	0	0
1461624	0	0	0	0	0	0	0	0	0	0	0	0	0	0	0	0
1461690	0	0	0	0	0	0	0	0	0	0	0	0	0	0	0	0
1461752	0	0	0	0	0	0	0	0	0	0	0	0	0	0	0	0
1461814	0	0	0	0	0	0	0	0	0	0	0	0	0	0	0	0
1461876	0	0	0	0	0	0	0	0	0	0	0	0	0	0	0	0
1461939	0	0	0	0	0	0	0	0	0	0	0	0	0	0	0	0
1462003	0	0	0	0	0	0	0	0	0	0	0	0	0	0	0	0
1462060	0	0	0	0	0	0	0	0	0	0	0	0	0	0	0	0
1462124	0	0	0	0	0	0	0	0	0	0	0	0	0	0	0	0
1462188	0	0	0	0	0	0	0	0	0	0	0	0	0	0	0	0
1462252	0	0	0	0	0	0	0	0	0	0	0	0	0	0	0	0
1462313	0	0	0	0	0	0	0	0	0	0	0	0	0	0	0	0
1462375	0	0	0	0	0	0	0	0	0	0	0	0	0	0	0	0
1462438	0	0	0	0	0	0	0	0	0	0	0	0	0	0	0	0
1462500	0	0	0	0	0	0	0	0	0	0	0	0	0	0	0	0
1462562	0	0	0	0	0	0	0	0	0	0	0	0	0	0	0	0
1462627	0	0	0	0	0	0	0	0	0	0	0	0	0	0	0	0
1462688	0	0	0	0	0	0	0	0	0	0	0	0	0	0	0	0
1462748	0	0	0	0	0	0	0	0	0	0	0	0	0	0	0	0
1462810	0	0	0	0	0	0	0	0	0	0	0	0	0	0	0	0
1462878	0	0	0	0	0	0	0	0	0	0	0	0	0	0	0	0
1462937	0	0	0	0	0	0	0	0	0	0	0	0	0	0	0	0
1463003	0	0	0	0	0	0	0	0	0	0	0	0	0	0	0	0
1463061	0	0	0	0	0	0	0	0	0	0	0	0	0	0	0	0
1463125	0	0	0	0	0	0	0	0	0	0	0	0	0	0	0	0
1463190	0	0	0	0	0	0	0	0	0	0	0	0	0	0	0	0
1463252	0	0	0	0	0	0	0	0	0	0	0	0	0	0	0	0
1463310	0	0	0	0	0	0	0	0	0	0	0	0	0	0	0	0
1463377	0	0	0	0	0	0	0	0	0	0	0	0	0	0	0	0
1463436	0	0	0	0	0	0	0	0	0	0	0	0	0	0	0	0
1463502	0	0	0	0	0	0	0	0	0	0	0	0	0	0	0	0
1463566	0	0	0	0	0	0	0	0	0	0	0	0	0	0	0	0
1463626	0	0	0	0	0	0	0	0	0	0	0	0	0	0	0	0
1463685	0	0	0	0	0	0	0	0	0	0	0	0	0	0	0	0
1463752	0	0	0	0	0	0	0	0	0	0	0	0	0	0	0	0
1463812	0	0	0	0	0	0	0	0	0	0	0	0	0	0	0	0
1463876	0	0	0	0	0	0	0	0	0	0	0	0	0	0	0	0
1463940	0	0	0	0	0	0	0	0	0	0	0	0	0	0	0	0
1464001	0	0	0	0	0	0	0	0	0	0	0	0	0	0	0	0
1464065	0	0	0	0	0	0	0	0	0	0	0	0	0	0	0	0
1464125	0	0	0	0	0	0	0	0	0	0	0	0	0	0	0	0
1464190	0	0	0	0	0	0	0	0	0	0	0	0	0	0	0	0
1464251	0	0	0	0	0	0	0	0	0	0	0	0	0	0	0	0
1464315	0	0	0	0	0	0	0	0	0	0	0	0	0	0	0	0
1464374	0	0	0	0	0	0	0	0	0	0	0	0	0	0	0	0
1464440	0	0	0	0	0	0	0	0	0	0	0	0	0	0	0	0
1464500	0	0	0	0	0	0	0	0	0	0	0	0	0	0	0	0
1464561	0	0	0	0	0	0	0	0	0	0	0	0	0	0	0	0
1464624	0	0	0	0	0	0	0	0	0	0	0	0	0	0	0	0
1464690	0	0	0	0	0	0	0	0	0	0	0	0	0	0	0	0
1464749	0	0	0	0	0	0	0	0	0	0	0	0	0	0	0	0
1464813	0	0	0	0	0	0	0	0	0	0	0	0	0	0	0	0
1464873	0	0	0	0	0	0	0	0	0	0	0	0	0	0	0	0
1464935	0	0	0	0	0	0	0	0	0	0	0	0	0	0	0	0
1464999	0	0	0	0	0	0	0	0	0	0	0	0	0	0	0	0
1465060	0	0	0	0	0	0	0	0	0	0	0	0	0	0	0	0
1465123	0	0	0	0	0	0	0	0	0	0	0	0	0	0	0	0
1465189	0	0	0	0	0	0	0	0	0	0	0	0	0	0	0	0
1465248	0	0	0	0	0	0	0	0	0	0	0	0	0	0	0	0
1465315	0	0	0	0	0	0	0	0	0	0	0	0	0	0	0	0
1465376	0	0	0	0	0	0	0	0	0	0	0	0	0	0	0	0
1465439	0	0	0	0	0	0	0	0	0	0	0	0	0	0	0	0
1465500	0	0	0	0	0	0	0	0	0	0	0	0	0	0	0	0
1465564	0	0	0	0	0	0	0	0	0	0	0	0	0	0	0	0
1465625	0	0	0	0	0	0	0	0	0	0	0	0	0	0	0	0
1465688	0	0	0	0	0	0	0	0	0	0	0	0	0	0	0	0
1465753	0	0	0	0	0	0	0	0	0	0	0	0	0	0	0	0
1465814	0	0	0	0	0	0	0	0	0	0	0	0	0	0	0	0
1465876	0	0	0	0	0	0	0	0	0	0	0	0	0	0	0	0
1465936	0	0	0	0	0	0	0	0	0	0	0	0	0	0	0	0
1465999	0	0	0	0	0	0	0	0	0	0	0	0	0	0	0	0
1466063	0	0	0	0	0	0	0	0	0	0	0	0	0	0	0	0
1466124	0	0	0	0	0	0	0	0	0	0	0	0	0	0	0	0
1466187	0	0	0	0	0	0	0	0	0	0	0	0	0	0	0	0
1466251	0	0	0	0	0	0	0	0	0	0	0	0	0	0	0	0
1466313	0	0	0	0	0	0	0	0	0	0	0	0	0	0	0	0
1466376	0	0	0	0	0	0	0	0	0	0	0	0	0	0	0	0
1466438	0	0	0	0	0	0	0	0	0	0	0	0	0	0	0	0
1466502	0	0	0	0	0	0	0	0	0	0	0	0	0	0	0	0
1466562	0	0	0	0	0	0	0	0	0	0	0	0	0	0	0	0
1466627	0	0	0	0	0	0	0	0	0	0	0	0	0	0	0	0
1466690	0	0	0	0	0	0	0	0	0	0	0	0	0	0	0	0
1466748	0	0	0	0	0	0	0	0	0	0	0	0	0	0	0	0
1466811	0	0	0	0	0	0	0	0	0	0	0	0	0	0	0	0
1466878	0	0	0	0	0	0	0	0	0	0	0	0	0	0	0	0
1466940	0	0	0	0	0	0	0	0	0	0	0	0	0	0	0	0
1467001	0	0	0	0	0	0	0	0	0	0	0	0	0	0	0	0
1467066	0	0	0	0	0	0	0	0	0	0	0	0	0	0	0	0
1467127	0	0	0	0	0	0	0	0	0	0	0	0	0	0	0	0
1467188	0	0	0	0	0	0	0	0	0	0	0	0	0	0	0	0
1467251	0	0	0	0	0	0	0	0	0	0	0	0	0	0	0	0
1467310	0	0	0	0	0	0	0	0	0	0	0	0	0	0	0	0
1467377	0	0	0	0	0	0	0	0	0	0	0	0	0	0	0	0
1467438	0	0	0	0	0	0	0	0	0	0	0	0	0	0	0	0
1467500	0	0	0	0	0	0	0	0	0	0	0	0	0	0	0	0
1467563	0	0	0	0	0	0	0	0	0	0	0	0	0	0	0	0
1467626	0	0	0	0	0	0	0	0	0	0	0	0	0	0	0	0
1467689	0	0	0	0	0	0	0	0	0	0	0	0	0	0	0	0
1467749	0	0	0	0	0	0	1	0	0	0	0	0	0	0	0	0
1467812	0	0	0	0	0	0	1	0	0	0	0	0	0	0	0	0
1467875	0	0	0	0	0	0	0	0	0	0	0	0	0	0	0	0
1467938	0	0	0	0	0	0	0	0	0	0	0	0	0	0	0	0
1467999	0	0	0	0	0	0	1	0	0	0	0	0	0	0	0	0
1468069	0	0	0	0	0	0	1	0	0	0	0	0	0	0	0	0
1468127	0	0	0	0	0	0	1	0	0	0	0	0	0	0	0	0
1468188	0	0	0	0	0	0	0	0	0	0	0	0	0	0	0	0
1468250	0	0	0	0	0	0	0	0	0	0	0	0	0	0	0	0
1468315	0	0	0	0	0	0	1	0	0	0	0	0	0	0	0	0
1468375	0	0	0	0	0	0	1	0	0	0	0	0	0	0	0	0
1468439	0	0	0	0	0	0	1	0	0	0	1	0	0	0	0	0
1468500	0	0	0	0	0	0	1	0	0	0	0	0	0	0	0	0
1468561	0	0	0	0	0	0	0	0	0	0	0	0	0	0	0	0
1468624	0	0	0	0	0	0	0	0	0	0	0	0	0	0	0	0
1468693	0	0	0	0	0	0	1	0	0	0	0	0	0	0	0	0
1468753	0	0	0	0	0	0	1	0	0	0	0	0	0	0	0	0
1468813	0	0	0	0	0	0	0	0	0	0	0	0	0	0	0	0
1468877	0	0	0	0	0	0	0	0	0	0	0	0	0	0	0	0
1468942	0	0	0	0	0	0	1	0	0	0	0	0	0	0	0	0
1469003	0	0	0	0	0	0	1	0	0	0	0	0	0	0	0	0
1469063	0	0	0	0	0	0	1	0	0	0	0	0	0	0	0	0
1469126	0	0	0	0	0	0	1	0	0	0	0	0	0	0	0	0
1469189	0	0	0	0	0	0	1	0	0	0	0	0	0	0	0	0
1469252	0	0	0	0	0	0	0	0	0	0	1	0	0	0	0	0
1469314	0	0	0	0	0	0	0	0	0	0	0	0	0	0	0	0
1469376	0	0	0	0	0	0	0	0	0	0	0	0	0	0	0	0
1469438	0	0	0	0	0	0	1	0	0	0	1	0	0	0	0	0
1469508	0	0	0	0	0	0	1	0	0	0	0	0	0	0	0	0
1469564	0	0	0	0	0	0	1	0	0	0	0	0	0	0	0	0
1469630	0	0	0	0	0	0	0	0	0	0	0	0	0	0	0	0
1469691	0	0	0	0	0	0	0	1	0	0	0	0	0	0	0	0
1469752	0	0	0	0	0	0	0	0	0	0	1	0	0	0	0	0
1469812	0	0	0	0	0	0	0	0	0	0	1	0	0	0	0	0
1469875	0	0	0	0	0	0	0	0	0	0	0	0	0	0	0	0
1469941	0	0	0	0	0	0	1	0	0	0	0	0	0	0	0	0
1470001	0	0	0	0	0	0	1	0	0	0	0	0	0	0	0	0
1470062	0	0	0	0	0	0	0	0	0	0	0	0	0	0	0	0
1470125	0	0	0	0	0	0	0	0	0	0	0	0	0	0	0	0
1470187	0	0	0	0	0	0	1	0	0	0	0	0	0	0	0	0
1470253	0	0	0	0	0	0	1	0	0	0	1	0	0	0	0	0
1470313	0	0	0	0	0	0	1	0	0	0	0	0	0	0	0	0
1470379	0	0	0	0	0	0	0	0	0	0	0	0	0	0	0	0
1470438	0	0	0	0	0	0	0	0	0	0	0	0	0	0	0	0
1470499	0	0	0	0	0	0	1	0	0	0	0	0	0	0	0	0
1470568	0	0	0	0	0	0	1	0	0	0	0	0	0	0	0	0
1470629	0	0	0	0	0	0	1	0	0	0	0	0	0	0	0	0
1470688	0	0	0	0	0	0	0	0	0	0	0	0	0	0	0	0
1470754	0	0	0	0	0	0	0	0	0	0	0	0	0	0	0	0
1470814	0	0	0	0	0	0	0	0	0	0	0	0	0	0	0	0
1470878	0	0	0	0	0	0	0	0	0	0	0	0	0	0	0	0
1470942	0	0	0	0	0	0	0	0	0	0	0	0	0	0	0	0
1471004	0	0	0	0	0	0	0	0	0	0	0	0	0	0	0	0
1471067	0	0	0	0	0	0	0	0	0	0	0	0	0	0	0	0
1471127	0	0	0	0	0	0	0	0	0	0	0	0	0	0	0	0
1471188	0	0	0	0	0	0	0	0	0	0	0	0	0	0	0	0
1471253	0	0	0	0	0	0	0	0	0	0	0	0	0	0	0	0
1471314	0	0	0	0	0	0	0	0	0	0	0	0	0	0	0	0
1471380	0	0	0	0	0	0	1	0	0	0	0	0	0	0	0	0
1471436	0	0	0	0	0	0	1	0	0	0	0	0	0	0	0	0
1471501	0	0	0	0	0	0	1	0	0	0	0	0	0	0	0	0
1471563	0	0	0	0	0	0	0	0	0	0	0	0	0	0	0	0
1471624	0	0	0	0	0	0	1	0	0	0	0	0	0	0	0	0
1471689	0	0	0	0	0	0	1	0	0	0	0	0	0	0	0	0
1471750	0	0	0	0	0	0	0	0	0	0	0	0	0	0	0	0
1471814	0	0	0	0	0	0	1	0	0	0	0	0	0	0	0	0
1471879	0	0	0	0	0	0	0	0	0	0	0	0	0	0	0	0
1471937	0	0	0	0	0	0	0	0	0	0	0	0	0	0	0	0
1471999	0	0	0	0	0	0	1	0	0	0	0	0	0	0	0	0
1472065	0	0	0	0	0	0	1	0	0	0	0	0	0	0	0	0
1472125	0	0	0	0	0	0	0	0	0	0	0	0	0	0	0	0
1472188	0	0	0	0	0	0	1	0	0	0	0	0	0	0	0	0
1472253	0	0	0	0	0	0	1	0	0	0	0	0	0	0	0	0
1472315	0	0	0	0	0	0	0	0	0	0	0	0	0	0	0	0
1472376	0	0	0	0	0	0	0	0	0	0	0	0	0	0	0	0
1472437	0	0	0	0	0	0	0	0	0	0	0	0	0	0	0	0
1472500	0	0	0	0	0	0	0	0	0	0	0	0	0	0	0	0
1472565	0	0	0	0	0	0	0	0	0	0	0	0	0	0	0	0
1472628	0	0	0	0	0	0	0	0	0	0	0	0	0	0	0	0
1472692	0	0	0	0	0	0	1	0	0	0	0	0	0	0	0	0
1472749	0	0	0	0	0	0	1	0	0	0	0	0	0	0	0	0
1472816	0	0	0	0	0	0	0	0	0	0	0	0	0	0	0	0
1472880	0	0	0	0	0	0	1	0	0	0	0	0	0	0	0	0
1472941	0	0	0	0	0	0	1	0	0	0	0	0	0	0	0	0
1473001	0	0	0	0	0	0	1	0	0	0	0	0	0	0	0	0
1473063	0	0	0	0	0	0	1	0	0	0	0	0	0	0	0	0
1473125	0	0	0	0	0	0	1	0	0	0	1	0	0	0	0	0
1473191	0	0	0	0	0	0	1	0	0	0	1	0	0	0	0	0
1473254	0	0	0	0	0	0	0	0	0	0	0	0	0	0	0	0
1473312	0	0	0	0	0	0	0	0	0	0	0	0	0	0	0	0
1473377	0	0	0	0	0	0	1	0	0	0	1	0	0	0	0	0
1473436	0	0	0	0	0	0	1	0	0	0	1	0	0	0	0	0
1473501	0	0	0	0	0	0	1	0	0	0	0	0	0	0	0	0
1473562	0	0	0	0	0	0	1	0	0	0	0	0	0	0	0	0
1473628	0	0	0	0	0	0	1	0	0	0	0	0	0	0	0	0
1473689	0	0	0	0	0	0	0	0	0	0	0	0	0	0	0	0
1473749	0	0	0	0	0	0	1	0	0	0	1	0	0	0	0	0
1473815	0	0	0	0	0	0	1	0	0	0	1	1	0	0	0	0
