millis	A1	A2	A3	A4	L1	R1	L2	R2	S1	S2	M1	M2	up	dn	lf	rt
53759	0	0	0	0	0	0	0	0	0	0	0	0	0	0	0	0
53795	0	0	0	0	0	0	0	0	0	0	0	0	0	0	0	0
53828	0	0	0	0	0	0	0	0	0	0	0	0	0	0	0	0
53861	0	0	0	0	0	0	0	0	0	0	0	0	0	0	0	0
53911	0	0	0	0	0	0	0	0	0	0	0	0	0	0	0	0
53928	0	0	0	0	0	0	0	0	0	0	0	0	0	0	0	0
53959	0	0	0	0	0	0	0	0	0	0	0	0	0	0	0	0
53993	0	0	0	0	0	0	0	0	0	0	0	0	0	0	0	0
54027	0	0	0	0	0	0	0	0	0	0	0	0	0	0	0	0
54062	0	0	0	0	0	0	0	0	0	0	0	0	0	0	0	0
54092	0	0	0	0	0	0	0	0	0	0	0	0	0	0	0	0
54130	0	0	0	0	0	0	0	0	0	0	0	0	0	0	0	0
54160	0	0	0	0	0	0	0	0	0	0	0	0	0	0	0	0
54193	0	0	0	0	0	0	1	1	0	0	0	0	0	0	0	0
54227	0	0	0	0	0	0	1	1	0	0	0	0	0	0	0	0
54260	0	0	0	0	0	0	1	1	0	0	0	0	0	0	0	0
54294	0	0	0	0	0	0	1	1	0	0	0	0	0	0	0	0
54327	0	0	0	0	0	0	0	0	0	0	0	0	0	0	0	0
54364	0	0	0	0	0	0	0	0	0	0	0	0	0	0	0	0
54394	0	0	0	0	0	0	0	0	0	0	0	0	0	0	0	0
54425	0	0	0	0	0	0	0	0	0	0	0	0	0	0	0	0
54460	0	0	0	0	0	0	0	0	0	0	0	0	0	0	0	0
54497	0	0	0	0	0	0	0	0	0	0	0	0	0	0	0	0
54526	0	0	0	0	0	0	0	0	0	0	0	0	0	0	0	0
54560	0	0	0	0	0	0	0	0	0	0	0	0	0	0	0	0
54593	0	0	0	0	0	0	0	0	0	0	0	0	0	0	0	0
54626	0	0	0	0	0	0	0	0	0	0	0	0	0	0	0	0
54660	0	0	0	0	0	0	0	0	0	0	0	0	0	0	0	0
54693	0	0	0	0	0	0	0	0	0	0	0	0	0	0	0	0
54728	0	0	0	0	0	0	0	0	0	0	0	0	0	0	0	0
54760	0	0	0	0	0	0	0	0	0	0	0	0	0	0	0	0
54793	0	0	0	0	0	0	0	0	0	0	0	0	0	0	0	0
54829	0	0	0	0	0	0	0	0	0	0	0	0	0	0	0	0
54859	0	0	0	0	0	0	0	0	0	0	0	0	0	0	0	0
54892	0	0	0	0	0	0	0	0	0	0	0	0	0	0	0	0
54930	0	0	0	0	0	0	0	0	0	0	0	0	0	0	0	0
54962	0	0	0	0	0	0	0	0	0	0	0	0	0	0	0	0
54992	0	0	0	0	0	0	0	0	0	0	0	0	0	0	0	0
55028	0	0	0	0	0	0	0	0	0	0	0	0	0	0	0	0
55065	0	0	0	0	0	0	0	0	0	0	0	0	0	0	0	0
55093	0	0	0	0	0	0	0	0	0	0	0	0	0	0	0	0
55129	0	0	0	0	0	0	0	0	0	0	0	0	0	0	0	0
55159	0	0	0	0	0	0	0	0	0	0	0	0	0	0	0	0
55192	0	0	0	0	0	0	0	0	0	0	0	0	0	0	0	0
55229	0	0	0	0	0	0	0	0	0	0	0	0	0	0	0	0
55260	0	0	0	0	0	0	0	0	0	0	0	0	0	0	0	0
55292	0	0	0	0	0	0	0	0	0	0	0	0	0	0	0	0
55330	0	0	0	0	0	0	0	0	0	0	0	0	0	0	0	0
55362	0	0	0	0	0	0	0	0	0	0	0	0	0	0	0	0
55395	0	0	0	0	0	0	0	0	0	0	0	0	0	0	0	0
55427	0	0	0	0	0	0	0	0	0	0	0	0	0	0	0	0
55460	0	0	0	0	0	0	0	0	0	0	0	0	0	0	0	0
55493	0	0	0	0	0	0	0	0	0	0	0	0	0	0	0	0
55529	0	0	0	0	0	0	0	0	0	0	0	0	0	0	0	0
55563	0	0	0	0	0	0	0	0	0	0	0	0	0	0	0	0
55596	0	0	0	0	0	0	0	0	0	0	0	0	0	0	0	0
55630	0	0	0	0	0	0	0	0	0	0	0	0	0	0	0	0
55661	0	0	0	0	0	0	0	0	0	0	0	0	0	0	0	0
55696	0	0	0	0	0	0	0	0	0	0	0	0	0	0	0	0
55728	0	0	0	0	0	0	0	0	0	0	0	0	0	0	0	0
55760	0	0	0	0	0	0	0	0	0	0	0	0	0	0	0	0
55798	0	0	0	0	0	0	0	0	0	0	0	0	0	0	0	0
55826	0	0	0	0	0	0	0	0	0	0	0	0	0	0	0	0
55860	0	0	0	0	0	0	0	0	0	0	0	0	0	0	0	0
55892	0	0	0	0	0	0	0	0	0	0	0	0	0	0	0	0
55931	0	0	0	0	0	0	0	0	0	0	0	0	0	0	0	0
55959	0	0	0	0	0	0	0	0	0	0	0	0	0	0	0	0
55993	0	0	0	0	0	0	0	0	0	0	0	0	0	0	0	0
56029	0	0	0	0	0	0	0	0	0	0	0	0	0	0	0	0
56059	0	0	0	0	0	0	1	1	0	0	0	0	0	0	0	0
56092	0	0	0	0	0	0	1	1	0	0	0	0	0	0	0	0
56126	0	0	0	0	0	0	1	1	0	0	0	0	0	0	0	0
56159	0	0	0	0	0	0	0	1	0	0	0	0	0	0	0	0
56197	0	0	0	0	0	0	0	1	0	0	0	0	0	0	0	0
56225	0	0	0	0	0	0	0	0	0	0	0	0	0	0	0	0
56264	0	0	0	0	0	0	0	0	0	0	0	0	0	0	0	0
56297	0	0	0	0	0	0	0	0	0	0	0	0	0	0	0	0
56326	0	0	0	0	0	0	0	0	0	0	0	0	0	0	0	0
56359	0	0	0	0	0	0	0	0	0	0	0	0	0	0	0	0
56393	0	0	0	0	0	0	0	0	0	0	0	0	0	0	0	0
56426	0	0	0	0	0	0	0	0	0	0	0	0	0	0	0	0
56464	0	0	0	0	0	0	0	0	0	0	0	0	0	0	0	0
56497	0	0	0	0	0	0	0	0	0	0	0	0	0	0	0	0
56528	0	0	0	0	0	0	0	0	0	0	0	0	0	0	0	0
56561	0	0	0	0	0	0	0	0	0	0	0	0	0	0	0	0
56593	0	0	0	0	0	0	0	0	0	0	0	0	0	0	0	0
56627	0	0	0	0	0	0	0	0	0	0	0	0	0	0	0	0
56660	0	0	0	0	0	0	0	0	0	0	0	0	0	0	0	0
56693	0	0	0	0	0	0	0	0	0	0	0	0	0	0	0	0
56731	0	0	0	0	0	0	0	0	0	0	0	0	0	0	0	0
56760	0	0	0	0	0	0	0	0	0	0	0	0	0	0	0	0
56797	0	0	0	0	0	0	0	0	0	0	0	0	0	0	0	0
56826	0	0	0	0	0	0	0	0	0	0	0	0	0	0	0	0
56863	0	0	0	0	0	0	0	0	0	0	0	0	0	0	0	0
56897	0	0	0	0	0	0	0	0	0	0	0	0	0	0	0	0
56931	0	0	0	0	0	0	0	0	0	0	0	0	0	0	0	0
56963	0	0	0	0	0	0	0	0	0	0	0	0	0	0	0	0
56997	0	0	0	0	0	0	0	0	0	0	0	0	0	0	0	0
57030	0	0	0	0	0	0	0	0	0	0	0	0	0	0	0	0
57064	0	0	0	0	0	0	0	0	0	0	0	0	0	0	0	0
57097	0	0	0	0	0	0	0	0	0	0	0	0	0	0	0	0
57130	0	0	0	0	0	0	0	0	0	0	0	0	0	0	0	0
57163	0	0	0	0	0	0	0	0	0	0	0	0	0	0	0	0
57196	0	0	0	0	0	0	0	0	0	0	0	0	0	0	0	0
57230	0	0	0	0	0	0	0	0	0	0	0	0	0	0	0	0
57263	0	0	0	0	0	0	0	0	0	0	0	0	0	0	0	0
57296	0	0	0	0	0	0	0	1	0	0	0	0	0	0	0	0
57329	0	0	0	0	0	0	1	1	0	0	0	0	0	0	0	0
57362	0	0	0	0	0	0	1	1	0	0	0	0	0	0	0	0
57396	0	0	0	0	0	0	1	1	0	0	0	0	0	0	0	0
57429	0	0	0	0	0	0	0	0	0	0	0	0	0	0	0	0
57462	0	0	0	0	0	0	0	0	0	0	0	0	0	0	0	0
57495	0	0	0	0	0	0	0	0	0	0	0	0	0	0	0	0
57528	0	0	0	0	0	0	0	0	0	0	0	0	0	0	0	0
57561	0	0	0	0	0	0	0	0	0	0	0	0	0	0	0	0
57595	0	0	0	0	0	0	0	0	0	0	0	0	0	0	0	0
57628	0	0	0	0	0	0	0	0	0	0	0	0	0	0	0	0
57662	0	0	0	0	0	0	0	0	0	0	0	0	0	0	0	0
57695	0	0	0	0	0	0	0	0	0	0	0	0	0	0	0	0
57729	0	0	0	0	0	0	0	0	0	0	0	0	0	0	0	0
57761	0	0	0	0	0	0	0	0	0	0	0	0	0	0	0	0
57796	0	0	0	0	0	0	0	0	0	0	0	0	0	0	0	0
57828	0	0	0	0	0	0	0	0	0	0	0	0	0	0	0	0
57860	0	0	0	0	0	0	0	0	0	0	0	0	0	0	0	0
57895	0	0	0	0	0	0	0	0	0	0	0	0	0	0	0	0
57928	0	0	0	0	0	0	0	0	0	0	0	0	0	0	0	0
57963	0	0	0	0	0	0	0	0	0	0	0	0	0	0	0	0
57996	0	0	0	0	0	0	0	0	0	0	0	0	0	0	0	0
58027	0	0	0	0	0	0	0	0	0	0	0	0	0	0	0	0
58062	0	0	0	0	0	0	0	0	0	0	0	0	0	0	0	0
58096	0	0	0	0	0	0	0	0	0	0	0	0	0	0	0	0
58127	0	0	0	0	0	0	0	0	0	0	0	0	0	0	0	0
58160	0	0	0	0	0	0	0	0	0	0	0	0	0	0	0	0
58195	0	0	0	0	0	0	0	0	0	0	0	0	0	0	0	0
58228	0	0	0	0	0	0	0	0	0	0	0	0	0	0	0	0
58262	0	0	0	0	0	0	0	0	0	0	0	0	0	0	0	0
58297	0	0	0	0	0	0	0	0	0	0	0	0	0	0	0	0
58328	0	0	0	0	0	0	0	0	0	0	0	0	0	0	0	0
58360	0	0	0	0	0	0	0	0	0	0	0	0	0	0	0	0
58396	0	0	0	0	0	0	0	0	0	0	0	0	0	0	0	0
58428	0	0	0	0	0	0	0	0	0	0	0	0	0	0	0	0
58461	0	0	0	0	0	0	0	0	0	0	0	0	0	0	0	0
58495	0	0	0	0	0	0	0	0	0	0	0	0	0	0	0	0
58526	0	0	0	0	0	0	0	0	0	0	0	0	0	0	0	0
58559	0	0	0	0	0	0	0	0	0	0	0	0	0	0	0	0
58593	0	0	0	0	0	0	0	0	0	0	0	0	0	0	0	0
58626	0	0	0	0	0	0	0	0	0	0	0	0	0	0	0	0
58659	0	0	0	0	0	0	0	0	0	0	0	0	0	0	0	0
58693	0	0	0	0	0	0	0	0	0	0	0	0	0	0	0	0
58726	0	0	0	0	0	0	0	0	0	0	0	0	0	0	0	0
58759	0	0	0	0	0	0	0	0	0	0	0	0	0	0	0	0
58793	0	0	0	0	0	0	0	0	0	0	0	0	0	0	0	0
58827	0	0	0	0	0	0	0	0	0	0	0	0	0	0	0	0
58861	0	0	0	0	0	0	0	0	0	0	0	0	0	0	0	0
58893	0	0	0	0	0	0	0	0	0	0	0	0	0	0	0	0
58927	0	0	0	0	0	0	0	0	0	0	0	0	0	0	0	0
58960	0	0	0	0	0	0	0	0	0	0	0	0	0	0	0	0
58993	0	0	0	0	0	0	0	0	0	0	0	0	0	0	0	0
59027	0	0	0	0	0	0	0	0	0	0	0	0	0	0	0	0
59060	0	0	0	0	0	0	0	0	0	0	0	0	0	0	0	0
59093	0	0	0	0	0	0	0	0	0	0	0	0	0	0	0	0
59127	0	0	0	0	0	0	0	0	0	0	0	0	0	0	0	0
59159	0	0	0	0	0	0	0	0	0	0	0	0	0	0	0	0
59195	0	0	0	0	0	0	0	0	0	0	0	0	0	0	0	0
59226	0	0	0	0	0	0	0	0	0	0	0	0	0	0	0	0
59259	0	0	0	0	0	0	0	0	0	0	0	0	0	0	0	0
59293	0	0	0	0	0	0	0	0	0	0	0	0	0	0	0	0
59326	0	0	0	0	0	0	0	0	0	0	0	0	0	0	0	0
59362	0	0	0	0	0	0	0	0	0	0	0	0	0	0	0	0
59396	0	0	0	0	0	0	0	0	0	0	0	0	0	0	0	0
59426	0	0	0	0	0	0	0	0	0	0	0	0	0	0	0	0
59464	0	0	0	0	0	0	0	0	0	0	0	0	0	0	0	0
59492	0	0	0	0	0	0	0	0	0	0	0	0	0	0	0	0
59528	0	0	0	0	0	0	0	0	0	0	0	0	0	0	0	0
59564	0	0	0	0	0	0	0	0	0	0	0	0	0	0	0	0
59592	0	0	0	0	0	0	0	0	0	0	0	0	0	0	0	0
59626	0	0	0	0	0	0	0	0	0	0	0	0	0	0	0	0
59662	0	0	0	0	0	0	0	0	0	0	0	0	0	0	0	0
59692	0	0	0	0	0	0	0	0	0	0	0	0	0	0	0	0
59725	0	0	0	0	0	0	0	0	0	0	0	0	0	0	0	0
59764	0	0	0	0	0	0	0	0	0	0	0	0	0	0	0	0
59798	0	0	0	0	0	0	0	0	0	0	0	0	0	0	0	0
59831	0	0	0	0	0	0	0	0	0	0	0	0	0	0	0	0
59862	0	0	0	0	0	0	0	0	0	0	0	0	0	0	0	0
59895	0	0	0	0	0	0	0	0	0	0	0	0	0	0	0	0
59928	0	0	0	0	0	0	0	0	0	0	0	0	0	0	0	0
59961	0	0	0	0	0	0	0	0	0	0	0	0	0	0	0	0
59997	0	0	0	0	0	0	0	0	0	0	0	0	0	0	0	0
60031	0	0	0	0	0	0	0	0	0	0	0	0	0	0	0	0
60061	0	0	0	0	0	0	0	0	0	0	0	0	0	0	0	0
60096	0	0	0	0	0	0	0	0	0	0	0	0	0	0	0	0
60130	0	0	0	0	0	0	0	0	0	0	0	0	0	0	0	0
60162	0	0	0	0	0	0	0	0	0	0	0	0	0	0	0	0
60196	0	0	0	0	0	0	0	0	0	0	0	0	0	0	0	0
60230	0	0	0	0	0	0	0	0	0	0	0	0	0	0	0	0
60263	0	0	0	0	0	0	0	0	0	0	0	0	0	0	0	0
60296	0	0	0	0	0	0	0	0	0	0	0	0	0	0	0	0
60329	0	0	0	0	0	0	0	0	0	0	0	0	0	0	0	0
60362	0	0	0	0	0	0	0	0	0	0	0	0	0	0	0	0
60395	0	0	0	0	0	0	0	0	0	0	0	0	0	0	0	0
60428	0	0	0	0	0	0	0	0	0	0	0	0	0	0	0	0
60463	0	0	0	0	0	0	0	0	0	0	0	0	0	0	0	0
60495	0	0	0	0	0	0	0	0	0	0	0	0	0	0	0	0
60529	0	0	0	0	0	0	0	0	0	0	0	0	0	0	0	0
60562	0	0	0	0	0	0	0	0	0	0	0	0	0	0	0	0
60594	0	0	0	0	0	0	0	0	0	0	0	0	0	0	0	0
60629	0	0	0	0	0	0	0	0	0	0	0	0	0	0	0	0
60660	0	0	0	0	0	0	0	0	0	0	0	0	0	0	0	0
60695	0	0	0	0	0	0	0	0	0	0	0	0	0	0	0	0
60726	0	0	0	0	0	0	0	0	0	0	0	0	0	0	0	0
60762	0	0	0	0	0	0	0	0	0	0	0	0	0	0	0	0
60793	0	0	0	0	0	0	0	0	0	0	0	0	0	0	0	0
60829	0	0	0	0	0	0	0	0	0	0	0	0	0	0	0	0
60859	0	0	0	0	0	0	0	0	0	0	0	0	0	0	0	0
60895	0	0	0	0	0	0	0	0	0	0	0	0	0	0	0	0
60926	0	0	0	0	0	0	0	1	0	0	0	0	0	0	0	0
60960	0	0	0	0	0	0	1	1	0	0	0	0	0	0	0	0
60997	0	0	0	0	0	0	1	1	0	0	0	0	0	0	0	0
61028	0	0	0	0	0	0	1	1	0	0	0	0	0	0	0	0
61061	0	0	0	0	0	0	0	1	0	0	0	0	0	0	0	0
61094	0	0	0	0	0	0	0	0	0	0	0	0	0	0	0	0
61126	0	0	0	0	0	0	0	0	0	0	0	0	0	0	0	0
61161	0	0	0	0	0	0	0	0	0	0	0	0	0	0	0	0
61194	0	0	0	0	0	0	0	0	0	0	0	0	0	0	0	0
61228	0	0	0	0	0	0	0	0	0	0	0	0	0	0	0	0
61261	0	0	0	0	0	0	0	0	0	0	0	0	0	0	0	0
61294	0	0	0	0	0	0	0	0	0	0	0	0	0	0	0	0
61328	0	0	0	0	0	0	0	0	0	0	0	0	0	0	0	0
61360	0	0	0	0	0	0	0	0	0	0	0	0	0	0	0	0
61394	0	0	0	0	0	0	0	0	0	0	0	0	0	0	0	0
61427	0	0	0	0	0	0	0	0	0	0	0	0	0	0	0	0
61459	0	0	0	0	0	0	0	0	0	0	0	0	0	0	0	0
61493	0	0	0	0	0	0	0	0	0	0	0	0	0	0	0	0
61527	0	0	0	0	0	0	0	0	0	0	0	0	0	0	0	0
61560	0	0	0	0	0	0	0	0	0	0	0	0	0	0	0	0
61592	0	0	0	0	0	0	0	0	0	0	0	0	0	0	0	0
61628	0	0	0	0	0	0	0	0	0	0	0	0	0	0	0	0
61659	0	0	0	0	0	0	0	0	0	0	0	0	0	0	0	0
61693	0	0	0	0	0	0	0	0	0	0	0	0	0	0	0	0
61726	0	0	0	0	0	0	0	0	0	0	0	0	0	0	0	0
61760	0	0	0	0	0	0	0	0	0	0	0	0	0	0	0	0
61798	0	0	0	0	0	0	0	0	0	0	0	0	0	0	0	0
61826	0	0	0	0	0	0	0	0	0	0	0	0	0	0	0	0
61859	0	0	0	0	0	0	0	0	0	0	0	0	0	0	0	0
61896	0	0	0	0	0	0	0	0	0	0	0	0	0	0	0	0
61926	0	0	0	0	0	0	0	0	0	0	0	0	0	0	0	0
61959	0	0	0	0	0	0	0	0	0	0	0	0	0	0	0	0
61992	0	0	0	0	0	0	0	0	0	0	0	0	0	0	0	0
62031	0	0	0	0	0	0	0	0	0	0	0	0	0	0	0	0
62059	0	0	0	0	0	0	0	0	0	0	0	0	0	0	0	0
62093	0	0	0	0	0	0	0	0	0	0	0	0	0	0	0	0
62130	0	0	0	0	0	0	0	0	0	0	0	0	0	0	0	0
62163	0	0	0	0	0	0	0	0	0	0	0	0	0	0	0	0
62194	0	0	0	0	0	0	0	0	0	0	0	0	0	0	0	0
62226	0	0	0	0	0	0	0	0	0	0	0	0	0	0	0	0
62261	0	0	0	0	0	0	0	0	0	0	0	0	0	0	0	0
62294	0	0	0	0	0	0	0	0	0	0	0	0	0	0	0	0
62328	0	0	0	0	0	0	0	0	0	0	0	0	0	0	0	0
62362	0	0	0	0	0	0	0	0	0	0	0	0	0	0	0	0
62396	0	0	0	0	0	0	0	0	0	0	0	0	0	0	0	0
62425	0	0	0	0	0	0	0	0	0	0	0	0	0	0	0	0
62463	0	0	0	0	0	0	0	0	0	0	0	0	0	0	0	0
62493	0	0	0	0	0	0	0	0	0	0	0	0	0	0	0	0
62528	0	0	0	0	0	0	0	0	0	0	0	0	0	0	0	0
62560	0	0	0	0	0	0	0	0	0	0	0	0	0	0	0	0
62597	0	0	0	0	0	0	0	0	0	0	0	0	0	0	0	0
62626	0	0	0	0	0	0	0	0	0	0	0	0	0	0	0	0
62659	0	0	0	0	0	0	0	0	0	0	0	0	0	0	0	0
62698	0	0	0	0	0	0	0	0	0	0	0	0	0	0	0	0
62728	0	0	0	0	0	0	0	0	0	0	0	0	0	0	0	0
62759	0	0	0	0	0	0	0	0	0	0	0	0	0	0	0	0
62792	0	0	0	0	0	0	0	0	0	0	0	0	0	0	0	0
62826	0	0	0	0	0	0	0	0	0	0	0	0	0	0	0	0
62859	0	0	0	0	0	0	0	0	0	0	0	0	0	0	0	0
62897	0	0	0	0	0	0	0	0	0	0	0	0	0	0	0	0
62926	0	0	0	0	0	0	0	0	0	0	0	0	0	0	0	0
62962	0	0	0	0	0	0	0	0	0	0	0	0	0	0	0	0
62998	0	0	0	0	0	0	0	0	0	0	0	0	0	0	0	0
63026	0	0	0	0	0	0	0	0	0	0	0	0	0	0	0	0
63064	0	0	0	0	0	0	0	0	0	0	0	0	0	0	0	0
63093	0	0	0	0	0	0	0	0	0	0	0	0	0	0	0	0
63127	0	0	0	0	0	0	0	0	0	0	0	0	0	0	0	0
63160	0	0	0	0	0	0	0	0	0	0	0	0	0	0	0	0
63194	0	0	0	0	0	0	0	0	0	0	0	0	0	0	0	0
63226	0	0	0	0	0	0	0	0	0	0	0	0	0	0	0	0
63260	0	0	0	0	0	0	0	0	0	0	0	0	0	0	0	0
63294	0	0	0	0	0	0	0	0	0	0	0	0	0	0	0	0
63326	0	0	0	0	0	0	0	0	0	0	0	0	0	0	0	0
63360	0	0	0	0	0	0	0	0	0	0	0	0	0	0	0	0
63393	0	0	0	0	0	0	0	0	0	0	0	0	0	0	0	0
63425	0	0	0	0	0	0	0	0	0	0	0	0	0	0	0	0
63463	0	0	0	0	0	0	0	0	0	0	0	0	0	0	0	0
63493	0	0	0	0	0	0	0	0	0	0	0	0	0	0	0	0
63531	0	0	0	0	0	0	0	0	0	0	0	0	0	0	0	0
63561	0	0	0	0	0	0	0	0	0	0	0	0	0	0	0	0
63593	0	0	0	0	0	0	0	0	0	0	0	0	0	0	0	0
63626	0	0	0	0	0	0	0	0	0	0	0	0	0	0	0	0
63664	0	0	0	0	0	0	0	0	0	0	0	0	0	0	0	0
63693	0	0	0	0	0	0	0	0	0	0	0	0	0	0	0	0
63725	0	0	0	0	0	0	0	0	0	0	0	0	0	0	0	0
63764	0	0	0	0	0	0	0	0	0	0	0	0	0	0	0	0
63797	0	0	0	0	0	0	0	0	0	0	0	0	0	0	0	0
63831	0	0	0	0	0	0	0	0	0	0	0	0	0	0	0	0
63864	0	0	0	0	0	0	0	0	0	0	0	0	0	0	0	0
63897	0	0	0	0	0	0	0	0	0	0	0	0	0	0	0	0
63930	0	0	0	0	0	0	0	0	0	0	0	0	0	0	0	0
63963	0	0	0	0	0	0	0	0	0	0	0	0	0	0	0	0
63997	0	0	0	0	0	0	0	0	0	0	0	0	0	0	0	0
64030	0	0	0	0	0	0	0	0	0	0	0	0	0	0	0	0
64063	0	0	0	0	0	0	0	0	0	0	0	0	0	0	0	0
64096	0	0	0	0	0	0	0	0	0	0	0	0	0	0	0	0
64130	0	0	0	0	0	0	0	0	0	0	0	0	0	0	0	0
64163	0	0	0	0	0	0	0	0	0	0	0	0	0	0	0	0
64196	0	0	0	0	0	0	0	0	0	0	0	0	0	0	0	0
64229	0	0	0	0	0	0	0	0	0	0	0	0	0	0	0	0
64263	0	0	0	0	0	0	0	0	0	0	0	0	0	0	0	0
64296	0	0	0	0	0	0	0	0	0	0	0	0	0	0	0	0
64329	0	0	0	0	0	0	0	0	0	0	0	0	0	0	0	0
64362	0	0	0	0	0	0	0	0	0	0	0	0	0	0	0	0
64396	0	0	0	0	0	0	0	0	0	0	0	0	0	0	0	0
64429	0	0	0	0	0	0	0	0	0	0	0	0	0	0	0	0
64462	0	0	0	0	0	0	0	0	0	0	0	0	0	0	0	0
64495	0	0	0	0	0	0	0	0	0	0	0	0	0	0	0	0
64528	0	0	0	0	0	0	0	0	0	0	0	0	0	0	0	0
64562	0	0	0	0	0	0	0	0	0	0	0	0	0	0	0	0
64595	0	0	0	0	0	0	0	0	0	0	0	0	0	0	0	0
64628	0	0	0	0	0	0	0	0	0	0	0	0	0	0	0	0
64662	0	0	0	0	0	0	0	0	0	0	0	0	0	0	0	0
64695	0	0	0	0	0	0	1	1	0	0	0	0	0	0	0	0
64728	0	0	0	0	0	0	1	1	0	0	0	0	0	0	0	0
64762	0	0	0	0	0	0	1	1	0	0	0	0	0	0	0	0
64795	0	0	0	0	0	0	1	1	0	0	0	0	0	0	0	0
64828	0	0	0	0	0	0	0	1	0	0	0	0	0	0	0	0
64861	0	0	0	0	0	0	0	0	0	0	0	0	0	0	0	0
64895	0	0	0	0	0	0	0	0	0	0	0	0	0	0	0	0
64928	0	0	0	0	0	0	0	0	0	0	0	0	0	0	0	0
64961	0	0	0	0	0	0	0	0	0	0	0	0	0	0	0	0
64994	0	0	0	0	0	0	0	0	0	0	0	0	0	0	0	0
65028	0	0	0	0	0	0	0	0	0	0	0	0	0	0	0	0
65061	0	0	0	0	0	0	0	0	0	0	0	0	0	0	0	0
65094	0	0	0	0	0	0	0	0	0	0	0	0	0	0	0	0
65127	0	0	0	0	0	0	0	0	0	0	0	0	0	0	0	0
65161	0	0	0	0	0	0	0	0	0	0	0	0	0	0	0	0
65197	0	0	0	0	0	0	0	0	0	0	0	0	0	0	0	0
65227	0	0	0	0	0	0	0	0	0	0	0	0	0	0	0	0
65264	0	0	0	0	0	0	0	0	0	0	0	0	0	0	0	0
65294	0	0	0	0	0	0	0	0	0	0	0	0	0	0	0	0
65327	0	0	0	0	0	0	0	0	0	0	0	0	0	0	0	0
65360	0	0	0	0	0	0	0	0	0	0	0	0	0	0	0	0
65395	0	0	0	0	0	0	0	0	0	0	0	0	0	0	0	0
65427	0	0	0	0	0	0	0	0	0	0	0	0	0	0	0	0
65460	0	0	0	0	0	0	0	0	0	0	0	0	0	0	0	0
65493	0	0	0	0	0	0	0	0	0	0	0	0	0	0	0	0
65527	0	0	0	0	0	0	0	0	0	0	0	0	0	0	0	0
65563	0	0	0	0	0	0	0	0	0	0	0	0	0	0	0	0
65594	0	0	0	0	0	0	0	0	0	0	0	0	0	0	0	0
65627	0	0	0	0	0	0	0	0	0	0	0	0	0	0	0	0
65659	0	0	0	0	0	0	0	0	0	0	0	0	0	0	0	0
65693	0	0	0	0	0	0	0	0	0	0	0	0	0	0	0	0
65727	0	0	0	0	0	0	0	0	0	0	0	0	0	0	0	0
65761	0	0	0	0	0	0	0	0	0	0	0	0	0	0	0	0
65794	0	0	0	0	0	0	0	0	0	0	0	0	0	0	0	0
65831	0	0	0	0	0	0	0	0	0	0	0	0	0	0	0	0
65859	0	0	0	0	0	0	0	0	0	0	0	0	0	0	0	0
65896	0	0	0	0	0	0	0	0	0	0	0	0	0	0	0	0
65930	0	0	0	0	0	0	0	0	0	0	0	0	0	0	0	0
65961	0	0	0	0	0	0	0	0	0	0	0	0	0	0	0	0
65998	0	0	0	0	0	0	0	0	0	0	0	0	0	0	0	0
66031	0	0	0	0	0	0	0	0	0	0	0	0	0	0	0	0
66059	0	0	0	0	0	0	0	0	0	0	0	0	0	0	0	0
66097	0	0	0	0	0	0	0	0	0	0	0	0	0	0	0	0
66126	0	0	0	0	0	0	0	0	0	0	0	0	0	0	0	0
66159	0	0	0	0	0	0	0	0	0	0	0	0	0	0	0	0
66198	0	0	0	0	0	0	0	0	0	0	0	0	0	0	0	0
66228	0	0	0	0	0	0	0	0	0	0	0	0	0	0	0	0
66259	0	0	0	0	0	0	0	0	0	0	0	0	0	0	0	0
66297	0	0	0	0	0	0	0	0	0	0	0	0	0	0	0	0
66326	0	0	0	0	0	0	0	0	0	0	0	0	0	0	0	0
66361	0	0	0	0	0	0	0	0	0	0	0	0	0	0	0	0
66392	0	0	0	0	0	0	0	0	0	0	0	0	0	0	0	0
66427	0	0	0	0	0	0	0	0	0	0	0	0	0	0	0	0
66461	0	0	0	0	0	0	0	0	0	0	0	0	0	0	0	0
66492	0	0	0	0	0	0	0	0	0	0	0	0	0	0	0	0
66525	0	0	0	0	0	0	1	0	0	0	0	0	0	0	0	0
66564	0	0	0	0	0	0	1	0	0	0	0	0	0	0	0	0
66597	0	0	0	0	0	0	1	0	0	0	0	0	0	0	0	0
66631	0	0	0	0	0	0	1	0	0	0	0	0	0	0	0	0
66665	0	0	0	0	0	0	0	0	0	0	0	0	0	0	0	0
66697	0	0	0	0	0	0	0	0	0	0	0	0	0	0	0	0
66730	0	0	0	0	0	0	0	0	0	0	0	0	0	0	0	0
66764	0	0	0	0	0	0	0	0	0	0	0	0	0	0	0	0
66797	0	0	0	0	0	0	0	0	0	0	0	0	0	0	0	0
66830	0	0	0	0	0	0	0	0	0	0	0	0	0	0	0	0
66864	0	0	0	0	0	0	0	0	0	0	0	0	0	0	0	0
66896	0	0	0	0	0	0	0	0	0	0	0	0	0	0	0	0
66930	0	0	0	0	0	0	0	0	0	0	0	0	0	0	0	0
66962	0	0	0	0	0	0	0	0	0	0	0	0	0	0	0	0
66996	0	0	0	0	0	0	0	0	0	0	0	0	0	0	0	0
67028	0	0	0	0	0	0	0	0	0	0	0	0	0	0	0	0
67063	0	0	0	0	0	0	0	0	0	0	0	0	0	0	0	0
67097	0	0	0	0	0	0	0	0	0	0	0	0	0	0	0	0
67130	0	0	0	0	0	0	0	0	0	0	0	0	0	0	0	0
67163	0	0	0	0	0	0	0	0	0	0	0	0	0	0	0	0
67195	0	0	0	0	0	0	0	0	0	0	0	0	0	0	0	0
67230	0	0	0	0	0	0	0	0	0	0	0	0	0	0	0	0
67263	0	0	0	0	0	0	0	0	0	0	0	0	0	0	0	0
67294	0	0	0	0	0	0	0	0	0	0	0	0	0	0	0	0
67329	0	0	0	0	0	0	0	0	0	0	0	0	0	0	0	0
67362	0	0	0	0	0	0	0	0	0	0	0	0	0	0	0	0
67395	0	0	0	0	0	0	0	0	0	0	0	0	0	0	0	0
67427	0	0	0	0	0	0	0	0	0	0	0	0	0	0	0	0
67462	0	0	0	0	0	0	0	0	0	0	0	0	0	0	0	0
67496	0	0	0	0	0	0	0	0	0	0	0	0	0	0	0	0
67530	0	0	0	0	0	0	0	0	0	0	0	0	0	0	0	0
67562	0	0	0	0	0	0	0	0	0	0	0	0	0	0	0	0
67592	0	0	0	0	0	0	0	0	0	0	0	0	0	0	0	0
67629	0	0	0	0	0	0	0	0	0	0	0	0	0	0	0	0
67663	0	0	0	0	0	0	0	0	0	0	0	0	0	0	0	0
67696	0	0	0	0	0	0	0	0	0	0	0	0	0	0	0	0
67726	0	0	0	0	0	0	0	0	0	0	0	0	0	0	0	0
67760	0	0	0	0	0	0	0	0	0	0	0	0	0	0	0	0
67795	0	0	0	0	0	0	0	0	0	0	0	0	0	0	0	0
67826	0	0	0	0	0	0	0	0	0	0	0	0	0	0	0	0
67862	0	0	0	0	0	0	0	0	0	0	0	0	0	0	0	0
67895	0	0	0	0	0	0	0	0	0	0	0	0	0	0	0	0
67928	0	0	0	0	0	0	0	0	0	0	0	0	0	0	0	0
67959	0	0	0	0	0	0	0	0	0	0	0	0	0	0	0	0
67992	0	0	0	0	0	0	0	0	0	0	0	0	0	0	0	0
68028	0	0	0	0	0	0	0	0	0	0	0	0	0	0	0	0
68061	0	0	0	0	0	0	0	0	0	0	0	0	0	0	0	0
68093	0	0	0	0	0	0	0	0	0	0	0	0	0	0	0	0
68126	0	0	0	0	0	0	0	0	0	0	0	0	0	0	0	0
68160	0	0	0	0	0	0	0	0	0	0	0	0	0	0	0	0
68192	0	0	0	0	0	0	0	0	0	0	0	0	0	0	0	0
68227	0	0	0	0	0	0	0	0	0	0	0	0	0	0	0	0
68261	0	0	0	0	0	0	0	0	0	0	0	0	0	0	0	0
68294	0	0	0	0	0	0	0	0	0	0	0	0	0	0	0	0
68328	0	0	0	0	0	0	0	0	0	0	0	0	0	0	0	0
68361	0	0	0	0	0	0	0	0	0	0	0	0	0	0	0	0
68394	0	0	0	0	0	0	0	0	0	0	0	0	0	0	0	0
68430	0	0	0	0	0	0	0	0	0	0	0	0	0	0	0	0
68460	0	0	0	0	0	0	0	0	0	0	0	0	0	0	0	0
68494	0	0	0	0	0	0	0	0	0	0	0	0	0	0	0	0
68527	0	0	0	0	0	0	0	0	0	0	0	0	0	0	0	0
68563	0	0	0	0	0	0	0	0	0	0	0	0	0	0	0	0
68594	0	0	0	0	0	0	0	0	0	0	0	0	0	0	0	0
68626	0	0	0	0	0	0	0	0	0	0	0	0	0	0	0	0
68663	0	0	0	0	0	0	0	0	0	0	0	0	0	0	0	0
68693	0	0	0	0	0	0	0	0	0	0	0	0	0	0	0	0
68726	0	0	0	0	0	0	0	0	0	0	0	0	0	0	0	0
68759	0	0	0	0	0	0	0	0	0	0	0	0	0	0	0	0
68793	0	0	0	0	0	0	0	0	0	0	0	0	0	0	0	0
68826	0	0	0	0	0	0	1	1	0	0	0	0	0	0	0	0
68859	0	0	0	0	0	0	1	1	0	0	0	0	0	0	0	0
68898	0	0	0	0	0	0	1	1	0	0	0	0	0	0	0	0
68926	0	0	0	0	0	0	0	1	0	0	0	0	0	0	0	0
68964	0	0	0	0	0	0	0	1	0	0	0	0	0	0	0	0
68997	0	0	0	0	0	0	0	0	0	0	0	0	0	0	0	0
69026	0	0	0	0	0	0	0	0	0	0	0	0	0	0	0	0
69059	0	0	0	0	0	0	0	0	0	0	0	0	0	0	0	0
69098	0	0	0	0	0	0	0	0	0	0	0	0	0	0	0	0
69126	0	0	0	0	0	0	0	0	0	0	0	0	0	0	0	0
69161	0	0	0	0	0	0	0	0	0	0	0	0	0	0	0	0
69194	0	0	0	0	0	0	0	0	0	0	0	0	0	0	0	0
69232	0	0	0	0	0	0	0	0	0	0	0	0	0	0	0	0
69263	0	0	0	0	0	0	0	0	0	0	0	0	0	0	0	0
69296	0	0	0	0	0	0	0	0	0	0	0	0	0	0	0	0
69330	0	0	0	0	0	0	0	0	0	0	0	0	0	0	0	0
69363	0	0	0	0	0	0	0	0	0	0	0	0	0	0	0	0
69395	0	0	0	0	0	0	0	0	0	0	0	0	0	0	0	0
69427	0	0	0	0	0	0	0	0	0	0	0	0	0	0	0	0
69464	0	0	0	0	0	0	0	0	0	0	0	0	0	0	0	0
69493	0	0	0	0	0	0	0	0	0	0	0	0	0	0	0	0
69526	0	0	0	0	0	0	0	0	0	0	0	0	0	0	0	0
69559	0	0	0	0	0	0	0	0	0	0	0	0	0	0	0	0
69592	0	0	0	0	0	0	0	0	0	0	0	0	0	0	0	0
69626	0	0	0	0	0	0	0	0	0	0	0	0	0	0	0	0
69664	0	0	0	0	0	0	0	0	0	0	0	0	0	0	0	0
69698	0	0	0	0	0	0	0	0	0	0	0	0	0	0	0	0
69727	0	0	0	0	0	0	0	0	0	0	0	0	0	0	0	0
69760	0	0	0	0	0	0	0	0	0	0	0	0	0	0	0	0
69792	0	0	0	0	0	0	0	0	0	0	0	0	0	0	0	0
69831	0	0	0	0	0	0	0	0	0	0	0	0	0	0	0	0
69859	0	0	0	0	0	0	0	0	0	0	0	0	0	0	0	0
69896	0	0	0	0	0	0	0	0	0	0	0	0	0	0	0	0
69932	0	0	0	0	0	0	0	0	0	0	0	0	0	0	0	0
69959	0	0	0	0	0	0	0	0	0	0	0	0	0	0	0	0
69994	0	0	0	0	0	0	0	0	0	0	0	0	0	0	0	0
70028	0	0	0	0	0	0	0	0	0	0	0	0	0	0	0	0
70062	0	0	0	0	0	0	0	0	0	0	0	0	0	0	0	0
70095	0	0	0	0	0	0	0	0	0	0	0	0	0	0	0	0
70130	0	0	0	0	0	0	0	0	0	0	0	0	0	0	0	0
70160	0	0	0	0	0	0	0	0	0	0	0	0	0	0	0	0
70193	0	0	0	0	0	0	0	0	0	0	0	0	0	0	0	0
70226	0	0	0	0	0	0	0	0	0	0	0	0	0	0	0	0
70260	0	0	0	0	0	0	0	0	0	0	0	0	0	0	0	0
70293	0	0	0	0	0	0	0	0	0	0	0	0	0	0	0	0
70327	0	0	0	0	0	0	0	0	0	0	0	0	0	0	0	0
70360	0	0	0	0	0	0	0	0	0	0	0	0	0	0	0	0
70393	0	0	0	0	0	0	0	0	0	0	0	0	0	0	0	0
70428	0	0	0	0	0	0	0	0	0	0	0	0	0	0	0	0
70459	0	0	0	0	0	0	0	0	0	0	0	0	0	0	0	0
70497	0	0	0	0	0	0	0	0	0	0	0	0	0	0	0	0
70526	0	0	0	0	0	0	0	0	0	0	0	0	0	0	0	0
70560	0	0	0	0	0	0	0	0	0	0	0	0	0	0	0	0
70594	0	0	0	0	0	0	0	0	0	0	0	0	0	0	0	0
70631	0	0	0	0	0	0	0	0	0	0	0	0	0	0	0	0
70659	0	0	0	0	0	0	0	0	0	0	0	0	0	0	0	0
70693	0	0	0	0	0	0	0	0	0	0	0	0	0	0	0	0
70726	0	0	0	0	0	0	0	0	0	0	0	0	0	0	0	0
70759	0	0	0	0	0	0	0	0	0	0	0	0	0	0	0	0
70797	0	0	0	0	0	0	0	0	0	0	0	0	0	0	0	0
70831	0	0	0	0	0	0	0	0	0	0	0	0	0	0	0	0
70864	0	0	0	0	0	0	0	0	0	0	0	0	0	0	0	0
70897	0	0	0	0	0	0	0	0	0	0	0	0	0	0	0	0
70930	0	0	0	0	0	0	0	0	0	0	0	0	0	0	0	0
70964	0	0	0	0	0	0	0	0	0	0	0	0	0	0	0	0
70997	0	0	0	0	0	0	0	0	0	0	0	0	0	0	0	0
71030	0	0	0	0	0	0	0	0	0	0	0	0	0	0	0	0
71063	0	0	0	0	0	0	0	0	0	0	0	0	0	0	0	0
71097	0	0	0	0	0	0	0	0	0	0	0	0	0	0	0	0
71130	0	0	0	0	0	0	0	0	0	0	0	0	0	0	0	0
71163	0	0	0	0	0	0	0	0	0	0	0	0	0	0	0	0
71196	0	0	0	0	0	0	0	0	0	0	0	0	0	0	0	0
71230	0	0	0	0	0	0	0	0	0	0	0	0	0	0	0	0
71263	0	0	0	0	0	0	0	0	0	0	0	0	0	0	0	0
71296	0	0	0	0	0	0	0	0	0	0	0	0	0	0	0	0
71329	0	0	0	0	0	0	0	0	0	0	0	0	0	0	0	0
71363	0	0	0	0	0	0	0	0	0	0	0	0	0	0	0	0
71395	0	0	0	0	0	0	0	0	0	0	0	0	0	0	0	0
71429	0	0	0	0	0	0	0	0	0	0	0	0	0	0	0	0
71462	0	0	0	0	0	0	0	0	0	0	0	0	0	0	0	0
71496	0	0	0	0	0	0	0	0	0	0	0	0	0	0	0	0
71528	0	0	0	0	0	0	0	0	0	0	0	0	0	0	0	0
71562	0	0	0	0	0	0	0	0	0	0	0	0	0	0	0	0
71597	0	0	0	0	0	0	0	0	0	0	0	0	0	0	0	0
71629	0	0	0	0	0	0	0	0	0	0	0	0	0	0	0	0
71661	0	0	0	0	0	0	0	0	0	0	0	0	0	0	0	0
71698	0	0	0	0	0	0	0	0	0	0	0	0	0	0	0	0
71728	0	0	0	0	0	0	0	0	0	0	0	0	0	0	0	0
71762	0	0	0	0	0	0	0	0	0	0	0	0	0	0	0	0
71795	0	0	0	0	0	0	0	0	0	0	0	0	0	0	0	0
71828	0	0	0	0	0	0	0	0	0	0	0	0	0	0	0	0
71861	0	0	0	0	0	0	0	0	0	0	0	0	0	0	0	0
71895	0	0	0	0	0	0	0	0	0	0	0	0	0	0	0	0
71928	0	0	0	0	0	0	0	0	0	0	0	0	0	0	0	0
71960	0	0	0	0	0	0	0	0	0	0	0	0	0	0	0	0
71994	0	0	0	0	0	0	0	0	0	0	0	0	0	0	0	0
72028	0	0	0	0	0	0	0	0	0	0	0	0	0	0	0	0
72061	0	0	0	0	0	0	0	0	0	0	0	0	0	0	0	0
72094	0	0	0	0	0	0	0	0	0	0	0	0	0	0	0	0
72127	0	0	0	0	0	0	0	0	0	0	0	0	0	0	0	0
72161	0	0	0	0	0	0	0	0	0	0	0	0	0	0	0	0
72194	0	0	0	0	0	0	0	0	0	0	0	0	0	0	0	0
72226	0	0	0	0	0	0	0	0	0	0	0	0	0	0	0	0
72259	0	0	0	0	0	0	0	0	0	0	0	0	0	0	0	0
72294	0	0	0	0	0	0	0	0	0	0	0	0	0	0	0	0
72327	0	0	0	0	0	0	0	0	0	0	0	0	0	0	0	0
72360	0	0	0	0	0	0	0	0	0	0	0	0	0	0	0	0
72393	0	0	0	0	0	0	0	0	0	0	0	0	0	0	0	0
72427	0	0	0	0	0	0	0	0	0	0	0	0	0	0	0	0
72460	0	0	0	0	0	0	0	0	0	0	0	0	0	0	0	0
72493	0	0	0	0	0	0	0	0	0	0	0	0	0	0	0	0
72531	0	0	0	0	0	0	0	0	0	0	0	0	0	0	0	0
72560	0	0	0	0	0	0	0	0	0	0	0	0	0	0	0	0
72593	0	0	0	0	0	0	0	0	0	0	0	0	0	0	0	0
72626	0	0	0	0	0	0	0	0	0	0	0	0	0	0	0	0
72659	0	0	0	0	0	0	0	0	0	0	0	0	0	0	0	0
72698	0	0	0	0	0	0	0	0	0	0	0	0	0	0	0	0
72726	0	0	0	0	0	0	0	0	0	0	0	0	0	0	0	0
72762	0	0	0	0	0	0	0	0	0	0	0	0	0	0	0	0
72793	0	0	0	0	0	0	0	0	0	0	0	0	0	0	0	0
72826	0	0	0	0	0	0	0	0	0	0	0	0	0	0	0	0
72865	0	0	0	0	0	0	0	0	0	0	0	0	0	0	0	0
72897	0	0	0	0	0	0	0	0	0	0	0	0	0	0	0	0
72929	0	0	0	0	0	0	0	0	0	0	0	0	0	0	0	0
72963	0	0	0	0	0	0	0	0	0	0	0	0	0	0	0	0
72993	0	0	0	0	0	0	0	0	0	0	0	0	0	0	0	0
73031	0	0	0	0	0	0	0	0	0	0	0	0	0	0	0	0
73059	0	0	0	0	0	0	0	0	0	0	0	0	0	0	0	0
73095	0	0	0	0	0	0	0	0	0	0	0	0	0	0	0	0
73126	0	0	0	0	0	0	0	0	0	0	0	0	0	0	0	0
73162	0	0	0	0	0	0	0	0	0	0	0	0	0	0	0	0
73195	0	0	0	0	0	0	0	0	0	0	0	0	0	0	0	0
73226	0	0	0	0	0	0	0	0	0	0	0	0	0	0	0	0
73265	0	0	0	0	0	0	0	0	0	0	0	0	0	0	0	0
73292	0	0	0	0	0	0	0	0	0	0	0	0	0	0	0	0
73331	0	0	0	0	0	0	0	0	0	0	0	0	0	0	0	0
73364	0	0	0	0	0	0	0	0	0	0	0	0	0	0	0	0
73392	0	0	0	0	0	0	0	0	0	0	0	0	0	0	0	0
73431	0	0	0	0	0	0	0	0	0	0	0	0	0	0	0	0
73459	0	0	0	0	0	0	0	0	0	0	0	0	0	0	0	0
73498	0	0	0	0	0	0	0	0	0	0	0	0	0	0	0	0
73530	0	0	0	0	0	0	0	0	0	0	0	0	0	0	0	0
73563	0	0	0	0	0	0	0	0	0	0	0	0	0	0	0	0
73598	0	0	0	0	0	0	0	0	0	0	0	0	0	0	0	0
73630	0	0	0	0	0	0	0	0	0	0	0	0	0	0	0	0
73664	0	0	0	0	0	0	0	0	0	0	0	0	0	0	0	0
73697	0	0	0	0	0	0	0	0	0	0	0	0	0	0	0	0
73730	0	0	0	0	0	0	0	0	0	0	0	0	0	0	0	0
73764	0	0	0	0	0	0	0	0	0	0	0	0	0	0	0	0
73797	0	0	0	0	0	0	0	0	0	0	0	0	0	0	0	0
73830	0	0	0	0	0	0	0	0	0	0	0	0	0	0	0	0
73863	0	0	0	0	0	0	0	0	0	0	0	0	0	0	0	0
73895	0	0	0	0	0	0	0	0	0	0	0	0	0	0	0	0
73928	0	0	0	0	0	0	0	0	0	0	0	0	0	0	0	0
73963	0	0	0	0	0	0	0	0	0	0	0	0	0	0	0	0
73997	0	0	0	0	0	0	0	0	0	0	0	0	0	0	0	0
74030	0	0	0	0	0	0	0	0	0	0	0	0	0	0	0	0
74062	0	0	0	0	0	0	0	0	0	0	0	0	0	0	0	0
74096	0	0	0	0	0	0	0	0	0	0	0	0	0	0	0	0
74130	0	0	0	0	0	0	0	0	0	0	0	0	0	0	0	0
74163	0	0	0	0	0	0	0	0	0	0	0	0	0	0	0	0
74197	0	0	0	0	0	0	0	0	0	0	0	0	0	0	0	0
74228	0	0	0	0	0	0	0	0	0	0	0	0	0	0	0	0
74263	0	0	0	0	0	0	0	0	0	0	0	0	0	0	0	0
74296	0	0	0	0	0	0	0	0	0	0	0	0	0	0	0	0
74330	0	0	0	0	0	0	0	0	0	0	0	0	0	0	0	0
74363	0	0	0	0	0	0	0	0	0	0	0	0	0	0	0	0
74395	0	0	0	0	0	0	0	0	0	0	0	0	0	0	0	0
74428	0	0	0	0	0	0	0	0	0	0	0	0	0	0	0	0
74459	0	0	0	0	0	0	0	0	0	0	0	0	0	0	0	0
74496	0	0	0	0	0	0	0	0	0	0	0	0	0	0	0	0
74526	0	0	0	0	0	0	0	0	0	0	0	0	0	0	0	0
74564	0	0	0	0	0	0	0	0	0	0	0	0	0	0	0	0
74593	0	0	0	0	0	0	0	0	0	0	0	0	0	0	0	0
74629	0	0	0	0	0	0	0	0	0	0	0	0	0	0	0	0
74660	0	0	0	0	0	0	0	0	0	0	0	0	0	0	0	0
74695	0	0	0	0	0	0	0	0	0	0	0	0	0	0	0	0
74726	0	0	0	0	0	0	0	0	0	0	0	0	0	0	0	0
74762	0	0	0	0	0	0	0	0	0	0	0	0	0	0	0	0
74792	0	0	0	0	0	0	0	0	0	0	0	0	0	0	0	0
74827	0	0	0	0	0	0	0	0	0	0	0	0	0	0	0	0
74861	0	0	0	0	0	0	0	0	0	0	0	0	0	0	0	0
74895	0	0	0	0	0	0	0	0	0	0	0	0	0	0	0	0
74928	0	0	0	0	0	0	0	0	0	0	0	0	0	0	0	0
74961	0	0	0	0	0	0	0	0	0	0	0	0	0	0	0	0
74994	0	0	0	0	0	0	0	0	0	0	0	0	0	0	0	0
75027	0	0	0	0	0	0	0	0	0	0	0	0	0	0	0	0
75060	0	0	0	0	0	0	0	0	0	0	0	0	0	0	0	0
75094	0	0	0	0	0	0	0	0	0	0	0	0	0	0	0	0
75127	0	0	0	0	0	0	0	0	0	0	0	0	0	0	0	0
75161	0	0	0	0	0	0	0	0	0	0	0	0	0	0	0	0
75194	0	0	0	0	0	0	0	0	0	0	0	0	0	0	0	0
75226	0	0	0	0	0	0	0	0	0	0	0	0	0	0	0	0
75260	0	0	0	0	0	0	0	0	0	0	0	0	0	0	0	0
75294	0	0	0	0	0	0	0	0	0	0	0	0	0	0	0	0
75327	0	0	0	0	0	0	0	0	0	0	0	0	0	0	0	0
75363	0	0	0	0	0	0	0	0	0	0	0	0	0	0	0	0
75393	0	0	0	0	0	0	0	0	0	0	0	0	0	0	0	0
75427	0	0	0	0	0	0	0	0	0	0	0	0	0	0	0	0
75460	0	0	0	0	0	0	0	0	0	0	0	0	0	0	0	0
75493	0	0	0	0	0	0	0	0	0	0	0	0	0	0	0	0
75525	0	0	0	0	0	0	0	0	0	0	0	0	0	0	0	0
75560	0	0	0	0	0	0	0	0	0	0	0	0	0	0	0	0
75593	0	0	0	0	0	0	0	0	0	0	0	0	0	0	0	0
75626	0	0	0	0	0	0	0	0	0	0	0	0	0	0	0	0
75665	0	0	0	0	0	0	0	0	0	0	0	0	0	0	0	0
75694	0	0	0	0	0	0	0	0	0	0	0	0	0	0	0	0
75727	0	0	0	0	0	0	0	0	0	0	0	0	0	0	0	0
75765	0	0	0	0	0	0	0	0	0	0	0	0	0	0	0	0
75793	0	0	0	0	0	0	0	0	0	0	0	0	0	0	0	0
75829	0	0	0	0	0	0	0	0	0	0	0	0	0	0	0	0
75859	0	0	0	0	0	0	0	0	0	0	0	0	0	0	0	0
75893	0	0	0	0	0	0	0	0	0	0	0	0	0	0	0	0
75931	0	0	0	0	0	0	0	0	0	0	0	0	0	0	0	0
75959	0	0	0	0	0	0	0	0	0	0	0	0	0	0	0	0
75993	0	0	0	0	0	0	0	0	0	0	0	0	0	0	0	0
76028	0	0	0	0	0	0	0	0	0	0	0	0	0	0	0	0
76060	0	0	0	0	0	0	0	0	0	0	0	0	0	0	0	0
76098	0	0	0	0	0	0	0	0	0	0	0	0	0	0	0	0
76126	0	0	0	0	0	0	0	0	0	0	0	0	0	0	0	0
76159	0	0	0	0	0	0	0	0	0	0	0	0	0	0	0	0
76196	0	0	0	0	0	0	0	0	0	0	0	0	0	0	0	0
76230	0	0	0	0	0	0	0	0	0	0	0	0	0	0	0	0
76264	0	0	0	0	0	0	0	0	0	0	0	0	0	0	0	0
76293	0	0	0	0	0	0	0	0	0	0	0	0	0	0	0	0
76326	0	0	0	0	0	0	0	0	0	0	0	0	0	0	0	0
76364	0	0	0	0	0	0	0	0	0	0	0	0	0	0	0	0
76398	0	0	0	0	0	0	0	0	0	0	0	0	0	0	0	0
76426	0	0	0	0	0	0	0	0	0	0	0	0	0	0	0	0
76459	0	0	0	0	0	0	0	0	0	0	0	0	0	0	0	0
76498	0	0	0	0	0	0	0	0	0	0	0	0	0	0	0	0
76526	0	0	0	0	0	0	0	0	0	0	0	0	0	0	0	0
76564	0	0	0	0	0	0	0	0	0	0	0	0	0	0	0	0
76593	0	0	0	0	0	0	0	0	0	0	0	0	0	0	0	0
76626	0	0	0	0	0	0	0	0	0	0	0	0	0	0	0	0
76665	0	0	0	0	0	0	0	0	0	0	0	0	0	0	0	0
76692	0	0	0	0	0	0	0	0	0	0	0	0	0	0	0	0
76732	0	0	0	0	0	0	0	0	0	0	0	0	0	0	0	0
76760	0	0	0	0	0	0	0	0	0	0	0	0	0	0	0	0
76794	0	0	0	0	0	0	0	0	0	0	0	0	0	0	0	0
76826	0	0	0	0	0	0	0	0	0	0	0	0	0	0	0	0
76865	0	0	0	0	0	0	0	0	0	0	0	0	0	0	0	0
76893	0	0	0	0	0	0	0	0	0	0	0	0	0	0	0	0
76927	0	0	0	0	0	0	0	0	0	0	0	0	0	0	0	0
76964	0	0	0	0	0	0	0	0	0	0	0	0	0	0	0	0
76994	0	0	0	0	0	0	0	0	0	0	0	0	0	0	0	0
77027	0	0	0	0	0	0	0	0	0	0	0	0	0	0	0	0
77060	0	0	0	0	0	0	0	0	0	0	0	0	0	0	0	0
77093	0	0	0	0	0	0	0	0	0	0	0	0	0	0	0	0
77127	0	0	0	0	0	0	0	0	0	0	0	0	0	0	0	0
77160	0	0	0	0	0	0	0	0	0	0	0	0	0	0	0	0
77193	0	0	0	0	0	0	0	0	0	0	0	0	0	0	0	0
77227	0	0	0	0	0	0	0	0	0	0	0	0	0	0	0	0
77260	0	0	0	0	0	0	0	0	0	0	0	0	0	0	0	0
77293	0	0	0	0	0	0	0	0	0	0	0	0	0	0	0	0
77326	0	0	0	0	0	0	0	0	0	0	0	0	0	0	0	0
77359	0	0	0	0	0	0	0	0	0	0	0	0	0	0	0	0
77398	0	0	0	0	0	0	0	0	0	0	0	0	0	0	0	0
77431	0	0	0	0	0	0	0	0	0	0	0	0	0	0	0	0
77460	0	0	0	0	0	0	0	0	0	0	0	0	0	0	0	0
77493	0	0	0	0	0	0	0	0	0	0	0	0	0	0	0	0
77531	0	0	0	0	0	0	0	0	0	0	0	0	0	0	0	0
77559	0	0	0	0	0	0	0	0	0	0	0	0	0	0	0	0
77598	0	0	0	0	0	0	0	0	0	0	0	0	0	0	0	0
77631	0	0	0	0	0	0	0	0	0	0	0	0	0	0	0	0
77664	0	0	0	0	0	0	0	0	0	0	0	0	0	0	0	0
77697	0	0	0	0	0	0	0	0	0	0	0	0	0	0	0	0
77731	0	0	0	0	0	0	0	0	0	0	0	0	0	0	0	0
77764	0	0	0	0	0	0	0	0	0	0	0	0	0	0	0	0
77797	0	0	0	0	0	0	0	0	0	0	0	0	0	0	0	0
77830	0	0	0	0	0	0	0	0	0	0	0	0	0	0	0	0
77864	0	0	0	0	0	0	0	0	0	0	0	0	0	0	0	0
77897	0	0	0	0	0	0	0	0	0	0	0	0	0	0	0	0
77930	0	0	0	0	0	0	0	0	0	0	0	0	0	0	0	0
77963	0	0	0	0	0	0	0	0	0	0	0	0	0	0	0	0
77997	0	0	0	0	0	0	0	0	0	0	0	0	0	0	0	0
78030	0	0	0	0	0	0	0	0	0	0	0	0	0	0	0	0
78063	0	0	0	0	0	0	0	0	0	0	0	0	0	0	0	0
78096	0	0	0	0	0	0	0	0	0	0	0	0	0	0	0	0
78130	0	0	0	0	0	0	0	0	0	0	0	0	0	0	0	0
78163	0	0	0	0	0	0	0	0	0	0	0	0	0	0	0	0
78196	0	0	0	0	0	0	0	0	0	0	0	0	0	0	0	0
78229	0	0	0	0	0	0	0	0	0	0	0	0	0	0	0	0
78263	0	0	0	0	0	0	0	0	0	0	0	0	0	0	0	0
78295	0	0	0	0	0	0	0	0	0	0	0	0	0	0	0	0
78329	0	0	0	0	0	0	0	0	0	0	0	0	0	0	0	0
78362	0	0	0	0	0	0	0	0	0	0	0	0	0	0	0	0
78396	0	0	0	0	0	0	0	0	0	0	0	0	0	0	0	0
78429	0	0	0	0	0	0	0	0	0	0	0	0	0	0	0	0
78462	0	0	0	0	0	0	0	0	0	0	0	0	0	0	0	0
78495	0	0	0	0	0	0	0	0	0	0	0	0	0	0	0	0
78529	0	0	0	0	0	0	0	0	0	0	0	0	0	0	0	0
78562	0	0	0	0	0	0	0	0	0	0	0	0	0	0	0	0
78594	0	0	0	0	0	0	0	0	0	0	0	0	0	0	0	0
78628	0	0	0	0	0	0	0	0	0	0	0	0	0	0	0	0
78662	0	0	0	0	0	0	0	0	0	0	0	0	0	0	0	0
78695	0	0	0	0	0	0	0	0	0	0	0	0	0	0	0	0
78728	0	0	0	0	0	0	0	0	0	0	0	0	0	0	0	0
78761	0	0	0	0	0	0	0	0	0	0	0	0	0	0	0	0
78796	0	0	0	0	0	0	0	0	0	0	0	0	0	0	0	0
78828	0	0	0	0	0	0	0	0	0	0	0	0	0	0	0	0
78861	0	0	0	0	0	0	0	0	0	0	0	0	0	0	0	0
78894	0	0	0	0	0	0	0	0	0	0	0	0	0	0	0	0
78931	0	0	0	0	0	0	0	0	0	0	0	0	0	0	0	0
78961	0	0	0	0	0	0	0	0	0	0	0	0	0	0	0	0
78998	0	0	0	0	0	0	0	0	0	0	0	0	0	0	0	0
79028	0	0	0	0	0	0	0	0	0	0	0	0	0	0	0	0
79064	0	0	0	0	0	0	0	0	0	0	0	0	0	0	0	0
79094	0	0	0	0	0	0	0	0	0	0	0	0	0	0	0	0
79127	0	0	0	0	0	0	0	0	0	0	0	0	0	0	0	0
79160	0	0	0	0	0	0	0	0	0	0	0	0	0	0	0	0
79194	0	0	0	0	0	0	0	0	0	0	0	0	0	0	0	0
79229	0	0	0	0	0	0	0	0	0	0	0	0	0	0	0	0
79260	0	0	0	0	0	0	0	0	0	0	0	0	0	0	0	0
79293	0	0	0	0	0	0	0	0	0	0	0	0	0	0	0	0
79327	0	0	0	0	0	0	0	0	0	0	0	0	0	0	0	0
79360	0	0	0	0	0	0	0	0	0	0	0	0	0	0	0	0
79393	0	0	0	0	0	0	0	0	0	0	0	0	0	0	0	0
79427	0	0	0	0	0	0	0	0	0	0	0	0	0	0	0	0
79460	0	0	0	0	0	0	0	0	0	0	0	0	0	0	0	0
79497	0	0	0	0	0	0	0	0	0	0	0	0	0	0	0	0
79527	0	0	0	0	0	0	0	0	0	0	0	0	0	0	0	0
79559	0	0	0	0	0	0	0	0	0	0	0	0	0	0	0	0
79598	0	0	0	0	0	0	0	0	0	0	0	0	0	0	0	0
79628	0	0	0	0	0	0	0	0	0	0	0	0	0	0	0	0
79665	0	0	0	0	0	0	0	0	0	0	0	0	0	0	0	0
79698	0	0	0	0	0	0	0	0	0	0	0	0	0	0	0	0
79729	0	0	0	0	0	0	0	0	0	0	0	0	0	0	0	0
79764	0	0	0	0	0	0	0	0	0	0	0	0	0	0	0	0
79798	0	0	0	0	0	0	0	0	0	0	0	0	0	0	0	0
79830	0	0	0	0	0	0	0	0	0	0	0	0	0	0	0	0
79865	0	0	0	0	0	0	0	0	0	0	0	0	0	0	0	0
79897	0	0	0	0	0	0	0	0	0	0	0	0	0	0	0	0
79931	0	0	0	0	0	0	0	0	0	0	0	0	0	0	0	0
79964	0	0	0	0	0	0	0	0	0	0	0	0	0	0	0	0
79997	0	0	0	0	0	0	0	0	0	0	0	0	0	0	0	0
80031	0	0	0	0	0	0	0	0	0	0	0	0	0	0	0	0
80063	0	0	0	0	0	0	0	0	0	0	0	0	0	0	0	0
80095	0	0	0	0	0	0	0	0	0	0	0	0	0	0	0	0
80126	0	0	0	0	0	0	0	0	0	0	0	0	0	0	0	0
80165	0	0	0	0	0	0	0	0	0	0	0	0	0	0	0	0
80198	0	0	0	0	0	0	0	0	0	0	0	0	0	0	0	0
80231	0	0	0	0	0	0	0	0	0	0	0	0	0	0	0	0
80264	0	0	0	0	0	0	0	0	0	0	0	0	0	0	0	0
80297	0	0	0	0	0	0	0	0	0	0	0	0	0	0	0	0
80330	0	0	0	0	0	0	0	0	0	0	0	0	0	0	0	0
80363	0	0	0	0	0	0	0	0	0	0	0	0	0	0	0	0
80396	0	0	0	0	0	0	0	0	0	0	0	0	0	0	0	0
80426	0	0	0	0	0	0	0	0	0	0	0	0	0	0	0	0
80465	0	0	0	0	0	0	0	0	0	0	0	0	0	0	0	0
80497	0	0	0	0	0	0	0	0	0	0	0	0	0	0	0	0
80530	0	0	0	0	0	0	0	0	0	0	0	0	0	0	0	0
80564	0	0	0	0	0	0	0	0	0	0	0	0	0	0	0	0
80595	0	0	0	0	0	0	0	0	0	0	0	0	0	0	0	0
80629	0	0	0	0	0	0	0	0	0	0	0	0	0	0	0	0
80662	0	0	0	0	0	0	0	0	0	0	0	0	0	0	0	0
80695	0	0	0	0	0	0	0	0	0	0	0	0	0	0	0	0
80731	0	0	0	0	0	0	0	0	0	0	0	0	0	0	0	0
80759	0	0	0	0	0	0	0	0	0	0	0	0	0	0	0	0
80797	0	0	0	0	0	0	0	0	0	0	0	0	0	0	0	0
80830	0	0	0	0	0	0	0	0	0	0	0	0	0	0	0	0
80863	0	0	0	0	0	0	0	0	0	0	0	0	0	0	0	0
80895	0	0	0	0	0	0	0	0	0	0	0	0	0	0	0	0
80928	0	0	0	0	0	0	0	0	0	0	0	0	0	0	0	0
80963	0	0	0	0	0	0	0	0	0	0	0	0	0	0	0	0
80995	0	0	0	0	0	0	0	0	0	0	0	0	0	0	0	0
81030	0	0	0	0	0	0	0	0	0	0	0	0	0	0	0	0
81063	0	0	0	0	0	0	0	0	0	0	0	0	0	0	0	0
81096	0	0	0	0	0	0	0	0	0	0	0	0	0	0	0	0
81128	0	0	0	0	0	0	0	0	0	0	0	0	0	0	0	0
81161	0	0	0	0	0	0	0	0	0	0	0	0	0	0	0	0
81194	0	0	0	0	0	0	0	0	0	0	0	0	0	0	0	0
81227	0	0	0	0	0	0	0	0	0	0	0	0	0	0	0	0
81263	0	0	0	0	0	0	0	0	0	0	0	0	0	0	0	0
81296	0	0	0	0	0	0	0	0	0	0	0	0	0	0	0	0
81328	0	0	0	0	0	0	0	0	0	0	0	0	0	0	0	0
81361	0	0	0	0	0	0	0	0	0	0	0	0	0	0	0	0
81394	0	0	0	0	0	0	0	0	0	0	0	0	0	0	0	0
81427	0	0	0	0	0	0	0	0	0	0	0	0	0	0	0	0
81461	0	0	0	0	0	0	0	0	0	0	0	0	0	0	0	0
81496	0	0	0	0	0	0	0	0	0	0	0	0	0	0	0	0
81526	0	0	0	0	0	0	0	0	0	0	0	0	0	0	0	0
81560	0	0	0	0	0	0	0	0	0	0	0	0	0	0	0	0
81595	0	0	0	0	0	0	0	0	0	0	0	0	0	0	0	0
81626	0	0	0	0	0	0	0	0	0	0	0	0	0	0	0	0
81662	0	0	0	0	0	0	0	0	0	0	0	0	0	0	0	0
81693	0	0	0	0	0	0	0	0	0	0	0	0	0	0	0	0
81726	0	0	0	0	0	0	0	0	0	0	0	0	0	0	0	0
81761	0	0	0	0	0	0	0	0	0	0	0	0	0	0	0	0
81792	0	0	0	0	0	0	0	0	0	0	0	0	0	0	0	0
81828	0	0	0	0	0	0	0	0	0	0	0	0	0	0	0	0
81861	0	0	0	0	0	0	0	0	0	0	0	0	0	0	0	0
81895	0	0	0	0	0	0	0	0	0	0	0	0	0	0	0	0
81928	0	0	0	0	0	0	0	0	0	0	0	0	0	0	0	0
81964	0	0	0	0	0	0	0	0	0	0	0	0	0	0	0	0
81993	0	0	0	0	0	0	0	0	0	0	0	0	0	0	0	0
82026	0	0	0	0	0	0	0	0	0	0	0	0	0	0	0	0
82061	0	0	0	0	0	0	0	0	0	0	0	0	0	0	0	0
82094	0	0	0	0	0	0	0	0	0	0	0	0	0	0	0	0
82127	0	0	0	0	0	0	0	0	0	0	0	0	0	0	0	0
82161	0	0	0	0	0	0	0	0	0	0	0	0	0	0	0	0
82194	0	0	0	0	0	0	0	0	0	0	0	0	0	0	0	0
82227	0	0	0	0	0	0	0	0	0	0	0	0	0	0	0	0
82259	0	0	0	0	0	0	0	0	0	0	0	0	0	0	0	0
82294	0	0	0	0	0	0	0	0	0	0	0	0	0	0	0	0
82326	0	0	0	0	0	0	0	0	0	0	0	0	0	0	0	0
82360	0	0	0	0	0	0	0	0	0	0	0	0	0	0	0	0
82393	0	0	0	0	0	0	0	0	0	0	0	0	0	0	0	0
82426	0	0	0	0	0	0	0	0	0	0	0	0	0	0	0	0
82460	0	0	0	0	0	0	0	0	0	0	0	0	0	0	0	0
82493	0	0	0	0	0	0	0	0	0	0	0	0	0	0	0	0
82526	0	0	0	0	0	0	0	0	0	0	0	0	0	0	0	0
82561	0	0	0	0	0	0	0	0	0	0	0	0	0	0	0	0
82593	0	0	0	0	0	0	0	0	0	0	0	0	0	0	0	0
82626	0	0	0	0	0	0	0	0	0	0	0	0	0	0	0	0
82660	0	0	0	0	0	0	0	0	0	0	0	0	0	0	0	0
82693	0	0	0	0	0	0	0	0	0	0	0	0	0	0	0	0
82729	0	0	0	0	0	0	0	0	0	0	0	0	0	0	0	0
82763	0	0	0	0	0	0	0	0	0	0	0	0	0	0	0	0
82793	0	0	0	0	0	0	0	0	0	0	1	1	0	0	0	0
