millis	A1	A2	A3	A4	L1	R1	L2	R2	S1	S2	M1	M2	up	dn	lf	rt
196695	0	0	0	0	0	0	0	0	0	0	0	0	0	0	0	0
196733	0	0	0	0	0	0	0	0	0	0	0	0	0	0	0	0
196766	0	0	0	0	0	0	0	0	0	0	0	0	0	0	0	0
196795	0	0	0	0	0	0	0	0	0	0	0	0	0	0	0	0
196829	0	0	0	0	0	0	0	0	0	0	0	0	0	0	0	0
196864	0	0	0	0	0	0	0	0	0	0	0	0	0	0	0	0
196897	0	0	0	0	0	0	0	0	0	0	0	0	0	0	0	0
196929	0	0	0	0	0	0	0	0	0	0	0	0	0	0	0	0
196963	0	0	0	0	0	0	0	0	0	0	0	0	0	0	0	0
196995	0	0	0	0	0	0	0	0	0	0	0	0	0	0	0	0
197028	0	0	0	0	0	0	0	0	0	0	0	0	0	0	0	0
197062	0	0	0	0	0	0	0	0	0	0	0	0	0	0	0	0
197096	0	0	0	0	0	0	0	0	0	0	0	0	0	0	0	0
197129	0	0	0	0	0	0	0	0	0	0	0	0	0	0	0	0
197165	0	0	0	0	0	0	0	0	0	0	0	0	0	0	0	0
197198	0	0	0	0	0	0	0	0	0	0	0	0	0	0	0	0
197232	0	0	0	0	0	0	0	0	0	0	0	0	0	0	0	0
197266	0	0	0	0	0	0	0	0	0	0	0	0	0	0	0	0
197296	0	0	0	0	0	0	0	0	0	0	0	0	0	0	0	0
197330	0	0	0	0	0	0	0	0	0	0	0	0	0	0	0	0
197364	0	0	0	0	0	0	0	0	0	0	0	0	0	0	0	0
197397	0	0	0	0	0	0	0	0	0	0	0	0	0	0	0	0
197432	0	0	0	0	0	0	0	0	0	0	0	0	0	0	0	0
197464	0	0	0	0	0	0	0	0	0	0	0	0	0	0	0	0
197498	0	0	0	0	0	0	0	0	0	0	0	0	0	0	0	0
197532	0	0	0	0	0	0	0	0	0	0	0	0	0	0	0	0
197567	0	0	0	0	0	0	0	0	0	0	0	0	0	0	0	0
197601	0	0	0	0	0	0	0	0	0	0	0	0	0	0	0	0
197631	0	0	0	0	0	0	0	0	0	0	0	0	0	0	0	0
197663	0	0	0	0	0	0	0	0	0	0	0	0	0	0	0	0
197701	0	0	0	0	0	0	0	0	0	0	0	0	0	0	0	0
197733	0	0	0	0	0	0	0	0	0	0	0	0	0	0	0	0
197765	0	0	0	0	0	0	0	0	0	0	0	0	0	0	0	0
197800	0	0	0	0	0	0	0	0	0	0	0	0	0	0	0	0
197834	0	0	0	0	0	0	0	0	0	0	0	0	0	0	0	0
197868	0	0	0	0	0	0	0	0	0	0	0	0	0	0	0	0
197900	0	0	0	0	0	0	0	0	0	0	0	0	0	0	0	0
197934	0	0	0	0	0	0	0	0	0	0	0	0	0	0	0	0
197967	0	0	0	0	0	0	0	0	0	0	0	0	0	0	0	0
198001	0	0	0	0	0	0	0	0	0	0	0	0	0	0	0	0
198035	0	0	0	0	0	0	0	0	0	0	0	0	0	0	0	0
198066	0	0	0	0	0	0	0	0	0	0	0	0	0	0	0	0
198100	0	0	0	0	0	0	0	0	0	0	0	0	0	0	0	0
198133	0	0	0	0	0	0	0	0	0	0	0	0	0	0	0	0
198167	0	0	0	0	0	0	0	0	0	0	0	0	0	0	0	0
198198	0	0	0	0	0	0	0	0	0	0	0	0	0	0	0	0
198232	0	0	0	0	0	0	0	0	0	0	0	0	0	0	0	0
198266	0	0	0	0	0	0	0	0	0	0	0	0	0	0	0	0
198299	0	0	0	0	0	0	0	0	0	0	0	0	0	0	0	0
198332	0	0	0	0	0	0	0	0	0	0	0	0	0	0	0	0
198367	0	0	0	0	0	0	0	0	0	0	0	0	0	0	0	0
198399	0	0	0	0	0	0	0	0	0	0	0	0	0	0	0	0
198433	0	0	0	0	0	0	0	0	0	0	0	0	0	0	0	0
198466	0	0	0	0	0	0	0	0	0	0	0	0	0	0	0	0
198502	0	0	0	0	0	0	0	0	0	0	0	0	0	0	0	0
198532	0	0	0	0	0	0	0	0	0	0	0	0	0	0	0	0
198568	0	0	0	0	0	0	0	0	0	0	0	0	0	0	0	0
198598	0	0	0	0	0	0	0	0	0	0	0	0	0	0	0	0
198631	0	0	0	0	0	0	0	0	0	0	0	0	0	0	0	0
198665	0	0	0	0	0	0	0	0	0	0	0	0	0	0	0	0
198698	0	0	0	0	0	0	0	0	0	0	0	0	0	0	0	0
198731	0	0	0	0	0	0	0	0	0	0	0	0	0	0	0	0
198764	0	0	0	0	0	0	0	0	0	0	0	0	0	0	0	0
198797	0	0	0	0	0	0	0	0	0	0	0	0	0	0	0	0
198830	0	0	0	0	0	0	0	0	0	0	0	0	0	0	0	0
198865	0	0	0	0	0	0	0	0	0	0	0	0	0	0	0	0
198897	0	0	0	0	0	0	0	0	0	0	0	0	0	0	0	0
198932	0	0	0	0	0	0	0	0	0	0	0	0	0	0	0	0
198966	0	0	0	0	0	0	0	0	0	0	0	0	0	0	0	0
199000	0	0	0	0	0	0	0	0	0	0	0	0	0	0	0	0
199033	0	0	0	0	0	0	0	0	0	0	0	0	0	0	0	0
199067	0	0	0	0	0	0	0	0	0	0	0	0	0	0	0	0
199099	0	0	0	0	0	0	0	0	0	0	0	0	0	0	0	0
199130	0	0	0	0	0	0	0	0	0	0	0	0	0	0	0	0
199168	0	0	0	0	0	0	0	0	0	0	0	0	0	0	0	0
199196	0	0	0	0	0	0	0	0	0	0	0	0	0	0	0	0
199230	0	0	0	0	0	0	0	0	0	0	0	0	0	0	0	0
199264	0	0	0	0	0	0	0	0	0	0	0	0	0	0	0	0
199296	0	0	0	0	0	0	0	0	0	0	0	0	0	0	0	0
199329	0	0	0	0	0	0	0	0	0	0	0	0	0	0	0	0
199362	0	0	0	0	0	0	0	0	0	0	0	0	0	0	0	0
199397	0	0	0	0	0	0	0	0	0	0	0	0	0	0	0	0
199429	0	0	0	0	0	0	0	0	0	0	0	0	0	0	0	0
199461	0	0	0	0	0	0	0	0	0	0	0	0	0	0	0	0
199495	0	0	0	0	0	0	0	0	0	0	0	0	0	0	0	0
199528	0	0	0	0	0	0	0	0	0	0	0	0	0	0	0	0
199562	0	0	0	0	0	0	0	0	0	0	0	0	0	0	0	0
199595	0	0	0	0	0	0	0	0	0	0	0	0	0	0	0	0
199632	0	0	0	0	0	0	0	0	0	0	0	0	0	0	0	0
199664	0	0	0	0	0	0	0	0	0	0	0	0	0	0	0	0
199695	0	0	0	0	0	0	0	0	0	0	0	0	0	0	0	0
199728	0	0	0	0	0	0	0	0	0	0	0	0	0	0	0	0
199762	0	0	0	0	0	0	0	0	0	0	0	0	0	0	0	0
199795	0	0	0	0	0	0	0	0	0	0	0	0	0	0	0	0
199828	0	0	0	0	0	0	0	0	0	0	0	0	0	0	0	0
199862	0	0	0	0	0	0	0	0	0	0	0	0	0	0	0	0
199895	0	0	0	0	0	0	0	0	0	0	0	0	0	0	0	0
199928	0	0	0	0	0	0	0	0	0	0	0	0	0	0	0	0
199962	0	0	0	0	0	0	0	0	0	0	0	0	0	0	0	0
199996	0	0	0	0	0	0	0	0	0	0	0	0	0	0	0	0
200030	0	0	0	0	0	0	0	0	0	0	0	0	0	0	0	0
200064	0	0	0	0	0	0	0	0	0	0	0	0	0	0	0	0
200099	0	0	0	0	0	0	0	0	0	0	0	0	0	0	0	0
200129	0	0	0	0	0	0	0	0	0	0	0	0	0	0	0	0
200167	0	0	0	0	0	0	0	0	0	0	0	0	0	0	0	0
200195	0	0	0	0	0	0	0	0	0	0	0	0	0	0	0	0
200230	0	0	0	0	0	0	0	0	0	0	0	0	0	0	0	0
200262	0	0	0	0	0	0	0	0	0	0	0	0	0	0	0	0
200295	0	0	0	0	0	0	0	0	0	0	0	0	0	0	0	0
200328	0	0	0	0	0	0	0	0	0	0	0	0	0	0	0	0
200362	0	0	0	0	0	0	0	0	0	0	0	0	0	0	0	0
200395	0	0	0	0	0	0	0	0	0	0	0	0	0	0	0	0
200429	0	0	0	0	0	0	0	0	0	0	0	0	0	0	0	0
200461	0	0	0	0	0	0	0	0	0	0	0	0	0	0	0	0
200500	0	0	0	0	0	0	0	0	0	0	0	0	0	0	0	0
200530	0	0	0	0	0	0	0	0	0	0	0	0	0	0	0	0
200567	0	0	0	0	0	0	0	0	0	0	0	0	0	0	0	0
200596	0	0	0	0	0	0	0	0	0	0	0	0	0	0	0	0
200628	0	0	0	0	0	0	0	0	0	0	0	0	0	0	0	0
200661	0	0	0	0	0	0	0	0	0	0	0	0	0	0	0	0
200696	0	0	0	0	0	0	0	0	0	0	0	0	0	0	0	0
200733	0	0	0	0	0	0	0	0	0	0	0	0	0	0	0	0
200766	0	0	0	0	0	0	0	0	0	0	0	0	0	0	0	0
200800	0	0	0	0	0	0	0	0	0	0	0	0	0	0	0	0
200828	0	0	0	0	0	0	0	0	0	0	0	0	0	0	0	0
200866	0	0	0	0	0	0	0	0	0	0	0	0	0	0	0	0
200901	0	0	0	0	0	0	0	0	0	0	0	0	0	0	0	0
200930	0	0	0	0	0	0	0	0	0	0	0	0	0	0	0	0
200964	0	0	0	0	0	0	0	0	0	0	0	0	0	0	0	0
200999	0	0	0	0	0	0	0	0	0	0	0	0	0	0	0	0
201032	0	0	0	0	0	0	0	0	0	0	0	0	0	0	0	0
201065	0	0	0	0	0	0	0	0	0	0	0	0	0	0	0	0
201098	0	0	0	0	0	0	0	0	0	0	0	0	0	0	0	0
201132	0	0	0	0	0	0	0	0	0	0	0	0	0	0	0	0
201165	0	0	0	0	0	0	0	0	0	0	0	0	0	0	0	0
201197	0	0	0	0	0	0	0	0	0	0	0	0	0	0	0	0
201228	0	0	0	0	0	0	0	0	0	0	0	0	0	0	0	0
201265	0	0	0	0	0	0	0	0	0	0	0	0	0	0	0	0
201299	0	0	0	0	0	0	0	0	0	0	0	0	0	0	0	0
201329	0	0	0	0	0	0	0	0	0	0	0	0	0	0	0	0
201365	0	0	0	0	0	0	0	0	0	0	0	0	0	0	0	0
201397	0	0	0	0	0	0	0	0	0	0	0	0	0	0	0	0
201431	0	0	0	0	0	0	0	0	0	0	0	0	0	0	0	0
201464	0	0	0	0	0	0	0	0	0	0	0	0	0	0	0	0
201495	0	0	0	0	0	0	0	0	0	0	0	0	0	0	0	0
201533	0	0	0	0	0	0	0	0	0	0	0	0	0	0	0	0
201566	0	0	0	0	0	0	0	0	0	0	0	0	0	0	0	0
201595	0	0	0	0	0	0	0	0	0	0	0	0	0	0	0	0
201629	0	0	0	0	0	0	0	0	0	0	0	0	0	0	0	0
201664	0	0	0	0	0	0	0	0	0	0	0	0	0	0	0	0
201697	0	0	0	0	0	0	0	0	0	0	0	0	0	0	0	0
201731	0	0	0	0	0	0	0	0	0	0	0	0	0	0	0	0
201762	0	0	0	0	0	0	0	0	0	0	0	0	0	0	0	0
201795	0	0	0	0	0	0	0	0	0	0	0	0	0	0	0	0
201829	0	0	0	0	0	0	0	0	0	0	0	0	0	0	0	0
201862	0	0	0	0	0	0	0	0	0	0	0	0	0	0	0	0
201895	0	0	0	0	0	0	0	0	0	0	0	0	0	0	0	0
201929	0	0	0	0	0	0	0	0	0	0	0	0	0	0	0	0
201962	0	0	0	0	0	0	0	0	0	0	0	0	0	0	0	0
201997	0	0	0	0	0	0	0	0	0	0	0	0	0	0	0	0
202030	0	0	0	0	0	0	0	0	0	0	0	0	0	0	0	0
202063	0	0	0	0	0	0	0	0	0	0	0	0	0	0	0	0
202095	0	0	0	0	0	0	0	0	0	0	0	0	0	0	0	0
202129	0	0	0	0	0	0	0	0	0	0	0	0	0	0	0	0
202162	0	0	0	0	0	0	0	0	0	0	0	0	0	0	0	0
202197	0	0	0	0	0	0	0	0	0	0	0	0	0	0	0	0
202230	0	0	0	0	0	0	0	0	0	0	0	0	0	0	0	0
202263	0	0	0	0	0	0	0	0	0	0	0	0	0	0	0	0
202297	0	0	0	0	0	0	0	0	0	0	0	0	0	0	0	0
202329	0	0	0	0	0	0	0	0	0	0	0	0	0	0	0	0
202363	0	0	0	0	0	0	0	0	0	0	0	0	0	0	0	0
202398	0	0	0	0	0	0	0	0	0	0	0	0	0	0	0	0
202433	0	0	0	0	0	0	0	0	0	0	0	0	0	0	0	0
202463	0	0	0	0	0	0	0	0	0	0	0	0	0	0	0	0
202495	0	0	0	0	0	0	0	0	0	0	0	0	0	0	0	0
202529	0	0	0	0	0	0	0	0	0	0	0	0	0	0	0	0
202562	0	0	0	0	0	0	0	0	0	0	0	0	0	0	0	0
202595	0	0	0	0	0	0	0	0	0	0	0	0	0	0	0	0
202629	0	0	0	0	0	0	0	0	0	0	0	0	0	0	0	0
202664	0	0	0	0	0	0	0	0	0	0	0	0	0	0	0	0
202696	0	0	0	0	0	0	0	0	0	0	0	0	0	0	0	0
202729	0	0	0	0	0	0	0	0	0	0	0	0	0	0	0	0
202762	0	0	0	0	0	0	0	0	0	0	0	0	0	0	0	0
202795	0	0	0	0	0	0	0	0	0	0	0	0	0	0	0	0
202834	0	0	0	0	0	0	0	0	0	0	0	0	0	0	0	0
202867	0	0	0	0	0	0	0	0	0	0	0	0	0	0	0	0
202895	0	0	0	0	0	0	0	0	0	0	0	0	0	0	0	0
202929	0	0	0	0	0	0	0	0	0	0	0	0	0	0	0	0
202962	0	0	0	0	0	0	0	0	0	0	0	0	0	0	0	0
202995	0	0	0	0	0	0	0	0	0	0	0	0	0	0	0	0
203033	0	0	0	0	0	0	0	0	0	0	0	0	0	0	0	0
203062	0	0	0	0	0	0	0	0	0	0	0	0	0	0	0	0
203095	0	0	0	0	0	0	0	0	0	0	0	0	0	0	0	0
203133	0	0	0	0	0	0	0	0	0	0	0	0	0	0	0	0
203167	0	0	0	0	0	0	0	0	0	0	0	0	0	0	0	0
203198	0	0	0	0	0	0	0	0	0	0	0	0	0	0	0	0
203232	0	0	0	0	0	0	0	0	0	0	0	0	0	0	0	0
203264	0	0	0	0	0	0	0	0	0	0	0	0	0	0	0	0
203299	0	0	0	0	0	0	0	0	0	0	0	0	0	0	0	0
203330	0	0	0	0	0	0	0	0	0	0	0	0	0	0	0	0
203361	0	0	0	0	0	0	0	0	0	0	0	0	0	0	0	0
203396	0	0	0	0	0	0	0	0	0	0	0	0	0	0	0	0
203431	0	0	0	0	0	0	0	0	0	0	0	0	0	0	0	0
203462	0	0	0	0	0	0	0	0	0	0	0	0	0	0	0	0
203495	0	0	0	0	0	0	0	0	0	0	0	0	0	0	0	0
203529	0	0	0	0	0	0	0	0	0	0	0	0	0	0	0	0
203566	0	0	0	0	0	0	0	0	0	0	0	0	0	0	0	0
203595	0	0	0	0	0	0	0	0	0	0	0	0	0	0	0	0
203634	0	0	0	0	0	0	0	0	0	0	0	0	0	0	0	0
203665	0	0	0	0	0	0	0	0	0	0	0	0	0	0	0	0
203695	0	0	0	0	0	0	0	0	0	0	0	0	0	0	0	0
203729	0	0	0	0	0	0	0	0	0	0	0	0	0	0	0	0
203763	0	0	0	0	0	0	0	0	0	0	0	0	0	0	0	0
203799	0	0	0	0	0	0	0	0	0	0	0	0	0	0	0	0
203829	0	0	0	0	0	0	0	0	0	0	0	0	0	0	0	0
203862	0	0	0	0	0	0	0	0	0	0	0	0	0	0	0	0
203898	0	0	0	0	0	0	0	0	0	0	0	0	0	0	0	0
203932	0	0	0	0	0	0	0	0	0	0	0	0	0	0	0	0
203967	0	0	0	0	0	0	0	0	0	0	0	0	0	0	0	0
203996	0	0	0	0	0	0	0	0	0	0	0	0	0	0	0	0
204028	0	0	0	0	0	0	0	0	0	0	0	0	0	0	0	0
204067	0	0	0	0	0	0	0	0	0	0	0	0	0	0	0	0
204095	0	0	0	0	0	0	0	0	0	0	0	0	0	0	0	0
204129	0	0	0	0	0	0	0	0	0	0	0	0	0	0	0	0
204162	0	0	0	0	0	0	0	0	0	0	0	0	0	0	0	0
204195	0	0	0	0	0	0	0	0	0	0	0	0	0	0	0	0
204229	0	0	0	0	0	0	0	0	0	0	0	0	0	0	0	0
204262	0	0	0	0	0	0	0	0	0	0	0	0	0	0	0	0
204298	0	0	0	0	0	0	0	0	0	0	0	0	0	0	0	0
204329	0	0	0	0	0	0	0	0	0	0	0	0	0	0	0	0
204362	0	0	0	0	0	0	0	0	0	0	0	0	0	0	0	0
204395	0	0	0	0	0	0	0	0	0	0	0	0	0	0	0	0
204429	0	0	0	0	0	0	0	0	0	0	0	0	0	0	0	0
204467	0	0	0	0	0	0	0	0	0	0	0	0	0	0	0	0
204495	0	0	0	0	0	0	0	0	0	0	0	0	0	0	0	0
204529	0	0	0	0	0	0	0	0	0	0	0	0	0	0	0	0
204561	0	0	0	0	0	0	0	0	0	0	0	0	0	0	0	0
204595	0	0	0	0	0	0	0	0	0	0	0	0	0	0	0	0
204632	0	0	0	0	0	0	0	0	0	0	0	0	0	0	0	0
204667	0	0	0	0	0	0	0	0	0	0	0	0	0	0	0	0
204700	0	0	0	0	0	0	0	0	0	0	0	0	0	0	0	0
204733	0	0	0	0	0	0	0	0	0	0	0	0	0	0	0	0
204766	0	0	0	0	0	0	0	0	0	0	0	0	0	0	0	0
204800	0	0	0	0	0	0	0	0	0	0	0	0	0	0	0	0
204833	0	0	0	0	0	0	0	0	0	0	0	0	0	0	0	0
204866	0	0	0	0	0	0	0	0	0	0	0	0	0	0	0	0
204899	0	0	0	0	0	0	0	0	0	0	0	0	0	0	0	0
204933	0	0	0	0	0	0	0	0	0	0	0	0	0	0	0	0
204966	0	0	0	0	0	0	0	0	0	0	0	0	0	0	0	0
204999	0	0	0	0	0	0	0	0	0	0	0	0	0	0	0	0
205032	0	0	0	0	0	0	0	0	0	0	0	0	0	0	0	0
205066	0	0	0	0	0	0	0	0	0	0	0	0	0	0	0	0
205099	0	0	0	0	0	0	0	0	0	0	0	0	0	0	0	0
205132	0	0	0	0	0	0	0	0	0	0	0	0	0	0	0	0
205165	0	0	0	0	0	0	0	0	0	0	0	0	0	0	0	0
205199	0	0	0	0	0	0	0	0	0	0	0	0	0	0	0	0
205232	0	0	0	0	0	0	0	0	0	0	0	0	0	0	0	0
205265	0	0	0	0	0	0	0	0	0	0	0	0	0	0	0	0
205299	0	0	0	0	0	0	0	0	0	0	0	0	0	0	0	0
205332	0	0	0	0	0	0	0	0	0	0	0	0	0	0	0	0
205365	0	0	0	0	0	0	0	0	0	0	0	0	0	0	0	0
205398	0	0	0	0	0	0	0	0	0	0	0	0	0	0	0	0
205432	0	0	0	0	0	0	0	0	0	0	0	0	0	0	0	0
205465	0	0	0	0	0	0	0	0	0	0	0	0	0	0	0	0
205498	0	0	0	0	0	0	0	0	0	0	0	0	0	0	0	0
205531	0	0	0	0	0	0	0	0	0	0	0	0	0	0	0	0
205565	0	0	0	0	0	0	0	0	0	0	0	0	0	0	0	0
205598	0	0	0	0	0	0	0	0	0	0	0	0	0	0	0	0
205631	0	0	0	0	0	0	0	0	0	0	0	0	0	0	0	0
205665	0	0	0	0	0	0	0	0	0	0	0	0	0	0	0	0
205698	0	0	0	0	0	0	0	0	0	0	0	0	0	0	0	0
205731	0	0	0	0	0	0	0	0	0	0	0	0	0	0	0	0
205764	0	0	0	0	0	0	0	0	0	0	0	0	0	0	0	0
205797	0	0	0	0	0	0	0	0	0	0	0	0	0	0	0	0
205830	0	0	0	0	0	0	0	0	0	0	0	0	0	0	0	0
205867	0	0	0	0	0	0	0	0	0	0	0	0	0	0	0	0
205897	0	0	0	0	0	0	0	0	0	0	0	0	0	0	0	0
205930	0	0	0	0	0	0	0	0	0	0	0	0	0	0	0	0
205963	0	0	0	0	0	0	0	0	0	0	0	0	0	0	0	0
205997	0	0	0	0	0	0	0	0	0	0	0	0	0	0	0	0
206030	0	0	0	0	0	0	0	0	0	0	0	0	0	0	0	0
206063	0	0	0	0	0	0	0	0	0	0	0	0	0	0	0	0
206097	0	0	0	0	0	0	0	0	0	0	0	0	0	0	0	0
206130	0	0	0	0	0	0	0	0	0	0	0	0	0	0	0	0
206163	0	0	0	0	0	0	0	0	0	0	0	0	0	0	0	0
206196	0	0	0	0	0	0	0	0	0	0	0	0	0	0	0	0
206230	0	0	0	0	0	0	0	0	0	0	0	0	0	0	0	0
206263	0	0	0	0	0	0	0	0	0	0	0	0	0	0	0	0
206296	0	0	0	0	0	0	0	0	0	0	0	0	0	0	0	0
206329	0	0	0	0	0	0	0	0	0	0	0	0	0	0	0	0
206363	0	0	0	0	0	0	0	0	0	0	0	0	0	0	0	0
206396	0	0	0	0	0	0	0	0	0	0	0	0	0	0	0	0
206433	0	0	0	0	0	0	0	0	0	0	0	0	0	0	0	0
206462	0	0	0	0	0	0	0	0	0	0	0	0	0	0	0	0
206495	0	0	0	0	0	0	0	0	0	0	0	0	0	0	0	0
206529	0	0	0	0	0	0	0	0	0	0	0	0	0	0	0	0
206567	0	0	0	0	0	0	0	0	0	0	0	0	0	0	0	0
206595	0	0	0	0	0	0	0	0	0	0	0	0	0	0	0	0
206629	0	0	0	0	0	0	0	0	0	0	0	0	0	0	0	0
206662	0	0	0	0	0	0	0	0	0	0	0	0	0	0	0	0
206696	0	0	0	0	0	0	0	0	0	0	0	0	0	0	0	0
206729	0	0	0	0	0	0	0	0	0	0	0	0	0	0	0	0
206762	0	0	0	0	0	0	0	0	0	0	0	0	0	0	0	0
206795	0	0	0	0	0	0	0	0	0	0	0	0	0	0	0	0
206829	0	0	0	0	0	0	0	0	0	0	0	0	0	0	0	0
206861	0	0	0	0	0	0	0	0	0	0	0	0	0	0	0	0
206895	0	0	0	0	0	0	0	0	0	0	0	0	0	0	0	0
206934	0	0	0	0	0	0	0	0	0	0	0	0	0	0	0	0
206967	0	0	0	0	0	0	0	0	0	0	0	0	0	0	0	0
207000	0	0	0	0	0	0	0	0	0	0	0	0	0	0	0	0
207034	0	0	0	0	0	0	0	0	0	0	0	0	0	0	0	0
207063	0	0	0	0	0	0	0	0	0	0	0	0	0	0	0	0
207096	0	0	0	0	0	0	0	0	0	0	0	0	0	0	0	0
207133	0	0	0	0	0	0	0	0	0	0	0	0	0	0	0	0
207167	0	0	0	0	0	0	0	0	0	0	0	0	0	0	0	0
207197	0	0	0	0	0	0	0	0	0	0	0	0	0	0	0	0
207233	0	0	0	0	0	0	0	0	0	0	0	0	0	0	0	0
207267	0	0	0	0	0	0	0	0	0	0	0	0	0	0	0	0
207301	0	0	0	0	0	0	0	0	0	0	0	0	0	0	0	0
207333	0	0	0	0	0	0	0	0	0	0	0	0	0	0	0	0
207367	0	0	0	0	0	0	0	0	0	0	0	0	0	0	0	0
207400	0	0	0	0	0	0	0	0	0	0	0	0	0	0	0	0
207428	0	0	0	0	0	0	0	0	0	0	0	0	0	0	0	0
207461	0	0	0	0	0	0	0	0	0	0	0	0	0	0	0	0
207495	0	0	0	0	0	0	0	0	0	0	0	0	0	0	0	0
207534	0	0	0	0	0	0	0	0	0	0	0	0	0	0	0	0
207566	0	0	0	0	0	0	0	0	0	0	0	0	0	0	0	0
207599	0	0	0	0	0	0	0	0	0	0	0	0	0	0	0	0
207634	0	0	0	0	0	0	0	0	0	0	0	0	0	0	0	0
207667	0	0	0	0	0	0	0	0	0	0	0	0	0	0	0	0
207700	0	0	0	0	0	0	0	0	0	0	0	0	0	0	0	0
207733	0	0	0	0	0	0	0	0	0	0	0	0	0	0	0	0
207765	0	0	0	0	0	0	0	0	0	0	0	0	0	0	0	0
207800	0	0	0	0	0	0	0	0	0	0	0	0	0	0	0	0
207833	0	0	0	0	0	0	0	0	0	0	0	0	0	0	0	0
207866	0	0	0	0	0	0	0	0	0	0	0	0	0	0	0	0
207900	0	0	0	0	0	0	0	0	0	0	0	0	0	0	0	0
207932	0	0	0	0	0	0	0	0	0	0	0	0	0	0	0	0
207966	0	0	0	0	0	0	0	0	0	0	0	0	0	0	0	0
207998	0	0	0	0	0	0	0	0	0	0	0	0	0	0	0	0
208031	0	0	0	0	0	0	0	0	0	0	0	0	0	0	0	0
208063	0	0	0	0	0	0	0	0	0	0	0	0	0	0	0	0
208099	0	0	0	0	0	0	0	0	0	0	0	0	0	0	0	0
208132	0	0	0	0	0	0	0	0	0	0	0	0	0	0	0	0
208166	0	0	0	0	0	0	0	0	0	0	0	0	0	0	0	0
208199	0	0	0	0	0	0	0	0	0	0	0	0	0	0	0	0
208231	0	0	0	0	0	0	0	0	0	0	0	0	0	0	0	0
208265	0	0	0	0	0	0	0	0	0	0	0	0	0	0	0	0
208299	0	0	0	0	0	0	0	0	0	0	0	0	0	0	0	0
208332	0	0	0	0	0	0	0	0	0	0	0	0	0	0	0	0
208365	0	0	0	0	0	0	0	0	0	0	0	0	0	0	0	0
208399	0	0	0	0	0	0	0	0	0	0	0	0	0	0	0	0
208431	0	0	0	0	0	0	0	0	0	0	0	0	0	0	0	0
208465	0	0	0	0	0	0	0	0	0	0	0	0	0	0	0	0
208500	0	0	0	0	0	0	0	0	0	0	0	0	0	0	0	0
208531	0	0	0	0	0	0	0	0	0	0	0	0	0	0	0	0
208565	0	0	0	0	0	0	0	0	0	0	0	0	0	0	0	0
208597	0	0	0	0	0	0	0	0	0	0	0	0	0	0	0	0
208631	0	0	0	0	0	0	0	0	0	0	0	0	0	0	0	0
208664	0	0	0	0	0	0	0	0	0	0	0	0	0	0	0	0
208696	0	0	0	0	0	0	0	0	0	0	0	0	0	0	0	0
208729	0	0	0	0	0	0	0	0	0	0	0	0	0	0	0	0
208765	0	0	0	0	0	0	0	0	0	0	0	0	0	0	0	0
208798	0	0	0	0	0	0	0	0	0	0	0	0	0	0	0	0
208831	0	0	0	0	0	0	0	0	0	0	0	0	0	0	0	0
208864	0	0	0	0	0	0	0	0	0	0	0	0	0	0	0	0
208898	0	0	0	0	0	0	0	0	0	0	0	0	0	0	0	0
208929	0	0	0	0	0	0	0	0	0	0	0	0	0	0	0	0
208964	0	0	0	0	0	0	0	0	0	0	0	0	0	0	0	0
208997	0	0	0	0	0	0	0	0	0	0	0	0	0	0	0	0
209030	0	0	0	0	0	0	0	0	0	0	0	0	0	0	0	0
209064	0	0	0	0	0	0	0	0	0	0	0	0	0	0	0	0
209097	0	0	0	0	0	0	0	0	0	0	0	0	0	0	0	0
209130	0	0	0	0	0	0	0	0	0	0	0	0	0	0	0	0
209162	0	0	0	0	0	0	0	0	0	0	0	0	0	0	0	0
209199	0	0	0	0	0	0	0	0	0	0	0	0	0	0	0	0
209229	0	0	0	0	0	0	0	0	0	0	0	0	0	0	0	0
209262	0	0	0	0	0	0	0	0	0	0	0	0	0	0	0	0
209296	0	0	0	0	0	0	0	0	0	0	0	0	0	0	0	0
209329	0	0	0	0	0	0	0	0	0	0	0	0	0	0	0	0
209363	0	0	0	0	0	0	0	0	0	0	0	0	0	0	0	0
209395	0	0	0	0	0	0	0	0	0	0	0	0	0	0	0	0
209433	0	0	0	0	0	0	0	0	0	0	0	0	0	0	0	0
209463	0	0	0	0	0	0	0	0	0	0	0	0	0	0	0	0
209496	0	0	0	0	0	0	0	0	0	0	0	0	0	0	0	0
209529	0	0	0	0	0	0	0	0	0	0	0	0	0	0	0	0
209562	0	0	0	0	0	0	0	0	0	0	0	0	0	0	0	0
209596	0	0	0	0	0	0	0	0	0	0	0	0	0	0	0	0
209629	0	0	0	0	0	0	0	0	0	0	0	0	0	0	0	0
209662	0	0	0	0	0	0	0	0	0	0	0	0	0	0	0	0
209696	0	0	0	0	0	0	0	0	0	0	0	0	0	0	0	0
209729	0	0	0	0	0	0	0	0	0	0	0	0	0	0	0	0
209762	0	0	0	0	0	0	0	0	0	0	0	0	0	0	0	0
209795	0	0	0	0	0	0	0	0	0	0	0	0	0	0	0	0
209829	0	0	0	0	0	0	0	0	0	0	0	0	0	0	0	0
209862	0	0	0	0	0	0	0	0	0	0	0	0	0	0	0	0
209895	0	0	0	0	0	0	0	0	0	0	0	0	0	0	0	0
209929	0	0	0	0	0	0	0	0	0	0	0	0	0	0	0	0
209962	0	0	0	0	0	0	0	0	0	0	0	0	0	0	0	0
209995	0	0	0	0	0	0	0	0	0	0	0	0	0	0	0	0
210029	0	0	0	0	0	0	0	0	0	0	0	0	0	0	0	0
210062	0	0	0	0	0	0	0	0	0	0	0	0	0	0	0	0
210096	0	0	0	0	0	0	0	0	0	0	0	0	0	0	0	0
210129	0	0	0	0	0	0	0	0	0	0	0	0	0	0	0	0
210162	0	0	0	0	0	0	0	0	0	0	0	0	0	0	0	0
210195	0	0	0	0	0	0	0	0	0	0	0	0	0	0	0	0
210229	0	0	0	0	0	0	0	0	0	0	0	0	0	0	0	0
210262	0	0	0	0	0	0	0	0	0	0	0	0	0	0	0	0
210295	0	0	0	0	0	0	0	0	0	0	0	0	0	0	0	0
210329	0	0	0	0	0	0	0	0	0	0	0	0	0	0	0	0
210367	0	0	0	0	0	0	0	0	0	0	0	0	0	0	0	0
210400	0	0	0	0	0	0	0	0	0	0	0	0	0	0	0	0
210429	0	0	0	0	0	0	0	0	0	0	0	0	0	0	0	0
210467	0	0	0	0	0	0	0	0	0	0	0	0	0	0	0	0
210501	0	0	0	0	0	0	0	0	0	0	0	0	0	0	0	0
210529	0	0	0	0	0	0	0	0	0	0	0	0	0	0	0	0
210562	0	0	0	0	0	0	0	0	0	0	0	0	0	0	0	0
210600	0	0	0	0	0	0	0	0	0	0	0	0	0	0	0	0
210630	0	0	0	0	0	0	0	0	0	0	0	0	0	0	0	0
210661	0	0	0	0	0	0	0	0	0	0	0	0	0	0	0	0
210695	0	0	0	0	0	0	0	0	0	0	0	0	0	0	0	0
210733	0	0	0	0	0	0	0	0	0	0	0	0	0	0	0	0
210764	0	0	0	0	0	0	0	0	0	0	0	0	0	0	0	0
210797	0	0	0	0	0	0	0	0	0	0	0	0	0	0	0	0
210831	0	0	0	0	0	0	0	0	0	0	0	0	0	0	0	0
210863	0	0	0	0	0	0	0	0	0	0	0	0	0	0	0	0
210896	0	0	0	0	0	0	0	0	0	0	0	0	0	0	0	0
210930	0	0	0	0	0	0	0	0	0	0	0	0	0	0	0	0
210961	0	0	0	0	0	0	0	0	0	0	0	0	0	0	0	0
211000	0	0	0	0	0	0	0	0	0	0	0	0	0	0	0	0
211030	0	0	0	0	0	0	0	0	0	0	0	0	0	0	0	0
211063	0	0	0	0	0	0	0	0	0	0	0	0	0	0	0	0
211097	0	0	0	0	0	0	0	0	0	0	0	0	0	0	0	0
211131	0	0	0	0	0	0	0	0	0	0	0	0	0	0	0	0
211164	0	0	0	0	0	0	0	0	0	0	0	0	0	0	0	0
211198	0	0	0	0	0	0	0	0	0	0	0	0	0	0	0	0
211231	0	0	0	0	0	0	0	0	0	0	0	0	0	0	0	0
211263	0	0	0	0	0	0	0	0	0	0	0	0	0	0	0	0
211297	0	0	0	0	0	0	0	0	0	0	0	0	0	0	0	0
211331	0	0	0	0	0	0	0	0	0	0	0	0	0	0	0	0
211364	0	0	0	0	0	0	0	0	0	0	0	0	0	0	0	0
211397	0	0	0	0	0	0	0	0	0	0	0	0	0	0	0	0
211431	0	0	0	0	0	0	0	0	0	0	0	0	0	0	0	0
211468	0	0	0	0	0	0	0	0	0	0	0	0	0	0	0	0
211497	0	0	0	0	0	0	0	0	0	0	0	0	0	0	0	0
211530	0	0	0	0	0	0	0	0	0	0	0	0	0	0	0	0
211564	0	0	0	0	0	0	0	0	0	0	0	0	0	0	0	0
211597	0	0	0	0	0	0	0	0	0	0	0	0	0	0	0	0
211634	0	0	0	0	0	0	0	0	0	0	0	0	0	0	0	0
211668	0	0	0	0	0	0	0	0	0	0	0	0	0	0	0	0
211701	0	0	0	0	0	0	0	0	0	0	0	0	0	0	0	0
211734	0	0	0	0	0	0	0	0	0	0	0	0	0	0	0	0
211767	0	0	0	0	0	0	0	0	0	0	0	0	0	0	0	0
211800	0	0	0	0	0	0	0	0	0	0	0	0	0	0	0	0
211834	0	0	0	0	0	0	0	0	0	0	0	0	0	0	0	0
211868	0	0	0	0	0	0	0	0	0	0	0	0	0	0	0	0
211902	0	0	0	0	0	0	0	0	0	0	0	0	0	0	0	0
211934	0	0	0	0	0	0	0	0	0	0	0	0	0	0	0	0
211967	0	0	0	0	0	0	0	0	0	0	0	0	0	0	0	0
212001	0	0	0	0	0	0	0	0	0	0	0	0	0	0	0	0
212034	0	0	0	0	0	0	0	0	0	0	0	0	0	0	0	0
212068	0	0	0	0	0	0	0	0	0	0	0	0	0	0	0	0
212100	0	0	0	0	0	0	0	0	0	0	0	0	0	0	0	0
212132	0	0	0	0	0	0	0	0	0	0	0	0	0	0	0	0
212166	0	0	0	0	0	0	0	0	0	0	0	0	0	0	0	0
212200	0	0	0	0	0	0	0	0	0	0	0	0	0	0	0	0
212233	0	0	0	0	0	0	0	0	0	0	0	0	0	0	0	0
212265	0	0	0	0	0	0	0	0	0	0	0	0	0	0	0	0
212300	0	0	0	0	0	0	0	0	0	0	0	0	0	0	0	0
212333	0	0	0	0	0	0	0	0	0	0	0	0	0	0	0	0
212366	0	0	0	0	0	0	0	0	0	0	0	0	0	0	0	0
212400	0	0	0	0	0	0	0	0	0	0	0	0	0	0	0	0
212433	0	0	0	0	0	0	0	0	0	0	0	0	0	0	0	0
212466	0	0	0	0	0	0	0	0	0	0	0	0	0	0	0	0
212500	0	0	0	0	0	0	0	0	0	0	0	0	0	0	0	0
212532	0	0	0	0	0	0	0	0	0	0	0	0	0	0	0	0
212566	0	0	0	0	0	0	0	0	0	0	0	0	0	0	0	0
212600	0	0	0	0	0	0	0	0	0	0	0	0	0	0	0	0
212633	0	0	0	0	0	0	0	0	0	0	0	0	0	0	0	0
212666	0	0	0	0	0	0	0	0	0	0	0	0	0	0	0	0
212700	0	0	0	0	0	0	0	0	0	0	0	0	0	0	0	0
212732	0	0	0	0	0	0	0	0	0	0	0	0	0	0	0	0
212764	0	0	0	0	0	0	0	0	0	0	0	0	0	0	0	0
212798	0	0	0	0	0	0	0	0	0	0	0	0	0	0	0	0
212834	0	0	0	0	0	0	0	0	0	0	0	0	0	0	0	0
212866	0	0	0	0	0	0	0	0	0	0	0	0	0	0	0	0
212900	0	0	0	0	0	0	0	0	0	0	0	0	0	0	0	0
212933	0	0	0	0	0	0	0	0	0	0	0	0	0	0	0	0
212966	0	0	0	0	0	0	0	0	0	0	0	0	0	0	0	0
212999	0	0	0	0	0	0	0	0	0	0	0	0	0	0	0	0
213033	0	0	0	0	0	0	0	0	0	0	0	0	0	0	0	0
213068	0	0	0	0	0	0	0	0	0	0	0	0	0	0	0	0
213098	0	0	0	0	0	0	0	0	0	0	0	0	0	0	0	0
213132	0	0	0	0	0	0	0	0	0	0	0	0	0	0	0	0
213168	0	0	0	0	0	0	0	0	0	0	0	0	0	0	0	0
213197	0	0	0	0	0	0	0	0	0	0	0	0	0	0	0	0
213232	0	0	0	0	0	0	0	0	0	0	0	0	0	0	0	0
213264	0	0	0	0	0	0	0	0	0	0	0	0	0	0	0	0
213298	0	0	0	0	0	0	0	0	0	0	0	0	0	0	0	0
213332	0	0	0	0	0	0	0	0	0	0	0	0	0	0	0	0
213368	0	0	0	0	0	0	0	0	0	0	0	0	0	0	0	0
213397	0	0	0	0	0	0	0	0	0	0	0	0	0	0	0	0
213431	0	0	0	0	0	0	0	0	0	0	0	0	0	0	0	0
213468	0	0	0	0	0	0	0	0	0	0	0	0	0	0	0	0
213501	0	0	0	0	0	0	0	0	0	0	0	0	0	0	0	0
213536	0	0	0	0	0	0	0	0	0	0	0	0	0	0	0	0
213563	0	0	0	0	0	0	0	0	0	0	0	0	0	0	0	0
213602	0	0	0	0	0	0	0	0	0	0	0	0	0	0	0	0
213631	0	0	0	0	0	0	0	0	0	0	0	0	0	0	0	0
213664	0	0	0	0	0	0	0	0	0	0	0	0	0	0	0	0
213697	0	0	0	0	0	0	0	0	0	0	0	0	0	0	0	0
213730	0	0	0	0	0	0	0	0	0	0	0	0	0	0	0	0
213763	0	0	0	0	0	0	0	0	0	0	0	0	0	0	0	0
213795	0	0	0	0	0	0	0	0	0	0	0	0	0	0	0	0
213833	0	0	0	0	0	0	0	0	0	0	0	0	0	0	0	0
213866	0	0	0	0	0	0	0	0	0	0	0	0	0	0	0	0
213901	0	0	0	0	0	0	0	0	0	0	0	0	0	0	0	0
213934	0	0	0	0	0	0	0	0	0	0	0	0	0	0	0	0
213967	0	0	0	0	0	0	0	0	0	0	0	0	0	0	0	0
213996	0	0	0	0	0	0	0	0	0	0	0	0	0	0	0	0
214030	0	0	0	0	0	0	0	0	0	0	0	0	0	0	0	0
214062	0	0	0	0	0	0	0	0	0	0	0	0	0	0	0	0
214096	0	0	0	0	0	0	0	0	0	0	0	0	0	0	0	0
214128	0	0	0	0	0	0	0	0	0	0	0	0	0	0	0	0
214162	0	0	0	0	0	0	0	0	0	0	0	0	0	0	0	0
214195	0	0	0	0	0	0	0	0	0	0	0	0	0	0	0	0
214229	0	0	0	0	0	0	0	0	0	0	0	0	0	0	0	0
214262	0	0	0	0	0	0	0	0	0	0	0	0	0	0	0	0
214295	0	0	0	0	0	0	0	0	0	0	0	0	0	0	0	0
214334	0	0	0	0	0	0	0	0	0	0	0	0	0	0	0	0
214367	0	0	0	0	0	0	0	0	0	0	0	0	0	0	0	0
214400	0	0	0	0	0	0	0	0	0	0	0	0	0	0	0	0
214434	0	0	0	0	0	0	0	0	0	0	0	0	0	0	0	0
214467	0	0	0	0	0	0	0	0	0	0	0	0	0	0	0	0
214500	0	0	0	0	0	0	0	0	0	0	0	0	0	0	0	0
214532	0	0	0	0	0	0	0	0	0	0	0	0	0	0	0	0
214566	0	0	0	0	0	0	0	0	0	0	0	0	0	0	0	0
214600	0	0	0	0	0	0	0	0	0	0	0	0	0	0	0	0
214631	0	0	0	0	0	0	0	0	0	0	0	0	0	0	0	0
214665	0	0	0	0	0	0	0	0	0	0	0	0	0	0	0	0
214698	0	0	0	0	0	0	0	0	0	0	0	0	0	0	0	0
214731	0	0	0	0	0	0	0	0	0	0	0	0	0	0	0	0
214767	0	0	0	0	0	0	0	0	0	0	0	0	0	0	0	0
214799	0	0	0	0	0	0	0	0	0	0	0	0	0	0	0	0
214833	0	0	0	0	0	0	0	0	0	0	0	0	0	0	0	0
214866	0	0	0	0	0	0	0	0	0	0	0	0	0	0	0	0
214899	0	0	0	0	0	0	0	0	0	0	0	0	0	0	0	0
214930	0	0	0	0	0	0	0	0	0	0	0	0	0	0	0	0
214964	0	0	0	0	0	0	0	0	0	0	0	0	0	0	0	0
214999	0	0	0	0	0	0	0	0	0	0	0	0	0	0	0	0
215031	0	0	0	0	0	0	0	0	0	0	0	0	0	0	0	0
215064	0	0	0	0	0	0	0	0	0	0	0	0	0	0	0	0
215099	0	0	0	0	0	0	0	0	0	0	0	0	0	0	0	0
215130	0	0	0	0	0	0	0	0	0	0	0	0	0	0	0	0
215165	0	0	0	0	0	0	0	0	0	0	0	0	0	0	0	0
215195	0	0	0	0	0	0	0	0	0	0	0	0	0	0	0	0
215228	0	0	0	0	0	0	0	0	0	0	0	0	0	0	0	0
215263	0	0	0	0	0	0	0	0	0	0	0	0	0	0	0	0
215297	0	0	0	0	0	0	0	0	0	0	0	0	0	0	0	0
215329	0	0	0	0	0	0	0	0	0	0	0	0	0	0	0	0
215364	0	0	0	0	0	0	0	0	0	0	0	0	0	0	0	0
215398	0	0	0	0	0	0	0	0	0	0	0	0	0	0	0	0
215432	0	0	0	0	0	0	0	0	0	0	0	0	0	0	0	0
215465	0	0	0	0	0	0	0	0	0	0	0	0	0	0	0	0
215499	0	0	0	0	0	0	0	0	0	0	0	0	0	0	0	0
215532	0	0	0	0	0	0	0	0	0	0	0	0	0	0	0	0
215565	0	0	0	0	0	0	0	0	0	0	0	0	0	0	0	0
215597	0	0	0	0	0	0	0	0	0	0	0	0	0	0	0	0
215631	0	0	0	0	0	0	0	0	0	0	0	0	0	0	0	0
215665	0	0	0	0	0	0	0	0	0	0	0	0	0	0	0	0
215697	0	0	0	0	0	0	0	0	0	0	0	0	0	0	0	0
215731	0	0	0	0	0	0	0	0	0	0	0	0	0	0	0	0
215764	0	0	0	0	0	0	0	0	0	0	0	0	0	0	0	0
215798	0	0	0	0	0	0	0	0	0	0	0	0	0	0	0	0
215831	0	0	0	0	0	0	0	0	0	0	0	0	0	0	0	0
215864	0	0	0	0	0	0	0	0	0	0	0	0	0	0	0	0
215897	0	0	0	0	0	0	0	0	0	0	0	0	0	0	0	0
215931	0	0	0	0	0	0	0	0	0	0	0	0	0	0	0	0
215963	0	0	0	0	0	0	0	0	0	0	0	0	0	0	0	0
215997	0	0	0	0	0	0	0	0	0	0	0	0	0	0	0	0
216030	0	0	0	0	0	0	0	0	0	0	0	0	0	0	0	0
216063	0	0	0	0	0	0	0	0	0	0	0	0	0	0	0	0
216097	0	0	0	0	0	0	0	0	0	0	0	0	0	0	0	0
216130	0	0	0	0	0	0	0	0	0	0	0	0	0	0	0	0
216164	0	0	0	0	0	0	0	0	0	0	0	0	0	0	0	0
216196	0	0	0	0	0	0	0	0	0	0	0	0	0	0	0	0
216231	0	0	0	0	0	0	0	0	0	0	0	0	0	0	0	0
216263	0	0	0	0	0	0	0	0	0	0	0	0	0	0	0	0
216296	0	0	0	0	0	0	0	0	0	0	0	0	0	0	0	0
216330	0	0	0	0	0	0	0	0	0	0	0	0	0	0	0	0
216363	0	0	0	0	0	0	0	0	0	0	0	0	0	0	0	0
216397	0	0	0	0	0	0	0	0	0	0	0	0	0	0	0	0
216431	0	0	0	0	0	0	0	0	0	0	0	0	0	0	0	0
216463	0	0	0	0	0	0	0	0	0	0	0	0	0	0	0	0
216496	0	0	0	0	0	0	0	0	0	0	0	0	0	0	0	0
216529	0	0	0	0	0	0	0	0	0	0	0	0	0	0	0	0
216562	0	0	0	0	0	0	0	0	0	0	0	0	0	0	0	0
216596	0	0	0	0	0	0	0	0	0	0	0	0	0	0	0	0
216629	0	0	0	0	0	0	0	0	0	0	0	0	0	0	0	0
216663	0	0	0	0	0	0	0	0	0	0	0	0	0	0	0	0
216696	0	0	0	0	0	0	0	0	0	0	0	0	0	0	0	0
216729	0	0	0	0	0	0	0	0	0	0	0	0	0	0	0	0
216762	0	0	0	0	0	0	0	0	0	0	0	0	0	0	0	0
216795	0	0	0	0	0	0	0	0	0	0	0	0	0	0	0	0
216828	0	0	0	0	0	0	0	0	0	0	0	0	0	0	0	0
216862	0	0	0	0	0	0	0	0	0	0	0	0	0	0	0	0
216895	0	0	0	0	0	0	0	0	0	0	0	0	0	0	0	0
216928	0	0	0	0	0	0	0	0	0	0	0	0	0	0	0	0
216962	0	0	0	0	0	0	0	0	0	0	0	0	0	0	0	0
216996	0	0	0	0	0	0	0	0	0	0	0	0	0	0	0	0
217029	0	0	0	0	0	0	0	0	0	0	0	0	0	0	0	0
217067	0	0	0	0	0	0	0	0	0	0	0	0	0	0	0	0
217100	0	0	0	0	0	0	0	0	0	0	0	0	0	0	0	0
217129	0	0	0	0	0	0	0	0	0	0	0	0	0	0	0	0
217165	0	0	0	0	0	0	0	0	0	0	0	0	0	0	0	0
217195	0	0	0	0	0	0	0	0	0	0	0	0	0	0	0	0
217229	0	0	0	0	0	0	0	0	0	0	0	0	0	0	0	0
217262	0	0	0	0	0	0	0	0	0	0	0	0	0	0	0	0
217295	0	0	0	0	0	0	0	0	0	0	0	0	0	0	0	0
217328	0	0	0	0	0	0	0	0	0	0	0	0	0	0	0	0
217362	0	0	0	0	0	0	0	0	0	0	0	0	0	0	0	0
217400	0	0	0	0	0	0	0	0	0	0	0	0	0	0	0	0
217429	0	0	0	0	0	0	0	0	0	0	0	0	0	0	0	0
217467	0	0	0	0	0	0	0	0	0	0	0	0	0	0	0	0
217495	0	0	0	0	0	0	0	0	0	0	0	0	0	0	0	0
217529	0	0	0	0	0	0	0	0	0	0	0	0	0	0	0	0
217568	0	0	0	0	0	0	0	0	0	0	0	0	0	0	0	0
217596	0	0	0	0	0	0	0	0	0	0	0	0	0	0	0	0
217628	0	0	0	0	0	0	0	0	0	0	0	0	0	0	0	0
217666	0	0	0	0	0	0	0	0	0	0	0	0	0	0	0	0
217700	0	0	0	0	0	0	0	0	0	0	0	0	0	0	0	0
217731	0	0	0	0	0	0	0	0	0	0	0	0	0	0	0	0
217762	0	0	0	0	0	0	0	0	0	0	0	0	0	0	0	0
217797	0	0	0	0	0	0	0	0	0	0	0	0	0	0	0	0
217831	0	0	0	0	0	0	0	0	0	0	0	0	0	0	0	0
217865	0	0	0	0	0	0	0	0	0	0	0	0	0	0	0	0
217901	0	0	0	0	0	0	0	0	0	0	0	0	0	0	0	0
217932	0	0	0	0	0	0	0	0	0	0	0	0	0	0	0	0
217962	0	0	0	0	0	0	0	0	0	0	0	0	0	0	0	0
218000	0	0	0	0	0	0	0	0	0	0	0	0	0	0	0	0
218030	0	0	0	0	0	0	0	0	0	0	0	0	0	0	0	0
218063	0	0	0	0	0	0	0	0	0	0	0	0	0	0	0	0
218096	0	0	0	0	0	0	0	0	0	0	0	0	0	0	0	0
218129	0	0	0	0	0	0	0	0	0	0	0	0	0	0	0	0
218165	0	0	0	0	0	0	0	0	0	0	0	0	0	0	0	0
218196	0	0	0	0	0	0	0	0	0	0	0	0	0	0	0	0
218228	0	0	0	0	0	0	0	0	0	0	0	0	0	0	0	0
218262	0	0	0	0	0	0	0	0	0	0	0	0	0	0	0	0
218298	0	0	0	0	0	0	0	0	0	0	0	0	0	0	0	0
218329	0	0	0	0	0	0	0	0	0	0	0	0	0	0	0	0
218362	0	0	0	0	0	0	0	0	0	0	0	0	0	0	0	0
218396	0	0	0	0	0	0	0	0	0	0	0	0	0	0	0	0
218434	0	0	0	0	0	0	0	0	0	0	0	0	0	0	0	0
218462	0	0	0	0	0	0	0	0	0	0	0	0	0	0	0	0
218500	0	0	0	0	0	0	0	0	0	0	0	0	0	0	0	0
218534	0	0	0	0	0	0	0	0	0	0	0	0	0	0	0	0
218562	0	0	0	0	0	0	0	0	0	0	0	0	0	0	0	0
218600	0	0	0	0	0	0	0	0	0	0	0	0	0	0	0	0
218633	0	0	0	0	0	0	0	0	0	0	0	0	0	0	0	0
218667	0	0	0	0	0	0	0	0	0	0	0	0	0	0	0	0
218700	0	0	0	0	0	0	0	0	0	0	0	0	0	0	0	0
218733	0	0	0	0	0	0	0	0	0	0	0	0	0	0	0	0
218766	0	0	0	0	0	0	0	0	0	0	0	0	0	0	0	0
218800	0	0	0	0	0	0	0	0	0	0	0	0	0	0	0	0
218833	0	0	0	0	0	0	0	0	0	0	0	0	0	0	0	0
218866	0	0	0	0	0	0	0	0	0	0	0	0	0	0	0	0
218900	0	0	0	0	0	0	0	0	0	0	0	0	0	0	0	0
218933	0	0	0	0	0	0	0	0	0	0	0	0	0	0	0	0
218966	0	0	0	0	0	0	0	0	0	0	0	0	0	0	0	0
218999	0	0	0	0	0	0	0	0	0	0	0	0	0	0	0	0
219032	0	0	0	0	0	0	0	0	0	0	0	0	0	0	0	0
219066	0	0	0	0	0	0	0	0	0	0	0	0	0	0	0	0
219099	0	0	0	0	0	0	0	0	0	0	0	0	0	0	0	0
219132	0	0	0	0	0	0	0	0	0	0	0	0	0	0	0	0
219166	0	0	0	0	0	0	0	0	0	0	0	0	0	0	0	0
219199	0	0	0	0	0	0	0	0	0	0	0	0	0	0	0	0
219232	0	0	0	0	0	0	0	0	0	0	0	0	0	0	0	0
219265	0	0	0	0	0	0	0	0	0	0	0	0	0	0	0	0
219299	0	0	0	0	0	0	0	0	0	0	0	0	0	0	0	0
219332	0	0	0	0	0	0	0	0	0	0	0	0	0	0	0	0
219365	0	0	0	0	0	0	0	0	0	0	0	0	0	0	0	0
219398	0	0	0	0	0	0	0	0	0	0	0	0	0	0	0	0
219431	0	0	0	0	0	0	0	0	0	0	0	0	0	0	0	0
219465	0	0	0	0	0	0	0	0	0	0	0	0	0	0	0	0
219500	0	0	0	0	0	0	0	0	0	0	0	0	0	0	0	0
219531	0	0	0	0	0	0	0	0	0	0	0	0	0	0	0	0
219565	0	0	0	0	0	0	0	0	0	0	0	0	0	0	0	0
219598	0	0	0	0	0	0	0	0	0	0	0	0	0	0	0	0
219631	0	0	0	0	0	0	0	0	0	0	0	0	0	0	0	0
219664	0	0	0	0	0	0	0	0	0	0	0	0	0	0	0	0
219698	0	0	0	0	0	0	0	0	0	0	0	0	0	0	0	0
219731	0	0	0	0	0	0	0	0	0	0	0	0	0	0	0	0
219764	0	0	0	0	0	0	0	0	0	0	0	0	0	0	0	0
219798	0	0	0	0	0	0	0	0	0	0	0	0	0	0	0	0
219833	0	0	0	0	0	0	0	0	0	0	0	0	0	0	0	0
219864	0	0	0	0	0	0	0	0	0	0	0	0	0	0	0	0
219898	0	0	0	0	0	0	0	0	0	0	0	0	0	0	0	0
219931	0	0	0	0	0	0	0	0	0	0	0	0	0	0	0	0
219964	0	0	0	0	0	0	0	0	0	0	0	0	0	0	0	0
219997	0	0	0	0	0	0	0	0	0	0	0	0	0	0	0	0
220030	0	0	0	0	0	0	0	0	0	0	0	0	0	0	0	0
220066	0	0	0	0	0	0	0	0	0	0	0	0	0	0	0	0
220097	0	0	0	0	0	0	0	0	0	0	0	0	0	0	0	0
220130	0	0	0	0	0	0	0	0	0	0	0	0	0	0	0	0
220167	0	0	0	0	0	0	0	0	0	0	0	0	0	0	0	0
220196	0	0	0	0	0	0	0	0	0	0	0	0	0	0	0	0
220230	0	0	0	0	0	0	0	0	0	0	0	0	0	0	0	0
220263	0	0	0	0	0	0	0	0	0	0	0	0	0	0	0	0
220296	0	0	0	0	0	0	0	0	0	0	0	0	0	0	0	0
220329	0	0	0	0	0	0	0	0	0	0	0	0	0	0	0	0
220363	0	0	0	0	0	0	0	0	0	0	0	0	0	0	0	0
220396	0	0	0	0	0	0	0	0	0	0	0	0	0	0	0	0
220429	0	0	0	0	0	0	0	0	0	0	0	0	0	0	0	0
220463	0	0	0	0	0	0	0	0	0	0	0	0	0	0	0	0
220496	0	0	0	0	0	0	0	0	0	0	1	1	0	0	0	0
