millis	A1	A2	A3	A4	L1	R1	L2	R2	S1	S2	M1	M2	up	dn	lf	rt
1184	0	0	0	0	0	0	0	0	0	0	0	0	0	0	0	0
1192	0	0	0	0	0	0	0	0	0	0	0	0	0	0	0	0
1224	0	0	0	0	0	0	0	0	0	0	0	0	0	0	0	0
1261	0	0	0	0	0	0	0	0	0	0	0	0	0	0	0	0
1292	0	0	0	0	0	0	0	0	0	0	0	0	0	0	0	0
1326	0	0	0	0	0	0	0	0	0	0	0	0	0	0	0	0
1363	0	0	0	0	0	0	0	0	0	0	0	0	0	0	0	0
1393	0	0	0	0	0	0	0	0	0	0	0	0	0	0	0	0
1431	0	0	0	0	0	0	0	0	0	0	0	0	0	0	0	0
1459	0	0	0	0	0	0	0	0	0	0	0	0	0	0	0	0
1494	0	0	0	0	0	0	0	0	0	0	0	0	0	0	0	0
1530	0	0	0	0	0	0	0	0	0	0	0	0	0	0	0	0
1562	0	0	0	0	0	0	0	0	0	0	0	0	0	0	0	0
1597	0	0	0	0	0	0	0	0	0	0	0	0	0	0	0	0
1624	0	0	0	0	0	0	0	0	0	0	0	0	0	0	0	0
1665	0	0	0	0	0	0	0	0	0	0	0	0	0	0	0	0
1691	0	0	0	0	0	0	0	0	0	0	0	0	0	0	0	0
1730	0	0	0	0	0	0	0	0	0	0	0	0	0	0	0	0
1760	0	0	0	0	0	0	0	0	0	0	0	0	0	0	0	0
1797	0	0	0	0	0	0	0	0	0	0	0	0	0	0	0	0
1830	0	0	0	0	0	0	0	0	0	0	0	0	0	0	0	0
1863	0	0	0	0	0	0	0	0	0	0	0	0	0	0	0	0
1896	0	0	0	0	0	0	0	0	0	0	0	0	0	0	0	0
1928	0	0	0	0	0	0	0	0	0	0	0	0	0	0	0	0
1958	0	0	0	0	0	0	1	0	0	0	0	0	0	0	0	0
1992	0	0	0	0	0	0	1	0	0	0	0	0	0	0	0	0
2025	0	0	0	0	0	0	1	0	0	0	0	0	0	0	0	0
2062	0	0	0	0	0	0	0	0	0	0	0	0	0	0	0	0
2095	0	0	0	0	0	0	0	0	0	0	0	0	0	0	0	0
2129	0	0	0	0	0	0	0	0	0	0	0	0	0	0	0	0
2162	0	0	0	0	0	0	0	0	0	0	0	0	0	0	0	0
2191	0	0	0	0	0	0	0	0	0	0	0	0	0	0	0	0
2228	0	0	0	0	0	0	0	0	0	0	0	0	0	0	0	0
2263	0	0	0	0	0	0	0	0	0	0	0	0	0	0	0	0
2295	0	0	0	0	0	0	0	0	0	0	0	0	0	0	0	0
2328	0	0	0	0	0	0	0	0	0	0	0	0	0	0	0	0
2361	0	0	0	0	0	0	0	0	0	0	0	0	0	0	0	0
2395	0	0	0	0	0	0	0	0	0	0	0	0	0	0	0	0
2428	0	0	0	0	0	0	0	0	0	0	0	0	0	0	0	0
2461	0	0	0	0	0	0	0	0	0	0	0	0	0	0	0	0
2494	0	0	0	0	0	0	0	0	0	0	0	0	0	0	0	0
2529	0	0	0	0	0	0	0	0	0	0	0	0	0	0	0	0
2561	0	0	0	0	0	0	0	0	0	0	0	0	0	0	0	0
2594	0	0	0	0	0	0	0	0	0	0	0	0	0	0	0	0
2629	0	0	0	0	0	0	0	0	0	0	0	0	0	0	0	0
2660	0	0	0	0	0	0	0	0	0	0	0	0	0	0	0	0
2693	0	0	0	0	0	0	0	0	0	0	0	0	0	0	0	0
2727	0	0	0	0	0	0	0	0	0	0	0	0	0	0	0	0
2760	0	0	0	0	0	0	0	0	0	0	0	0	0	0	0	0
2793	0	0	0	0	0	0	0	0	0	0	0	0	0	0	0	0
2829	0	0	0	0	0	0	0	0	0	0	0	0	0	0	0	0
2861	0	0	0	0	0	0	0	0	0	0	0	0	0	0	0	0
2894	0	0	0	0	0	0	0	0	0	0	0	0	0	0	0	0
2927	0	0	0	0	0	0	0	0	0	0	0	0	0	0	0	0
2959	0	0	0	0	0	0	0	0	0	0	0	0	0	0	0	0
2992	0	0	0	0	0	0	0	0	0	0	0	0	0	0	0	0
3028	0	0	0	0	0	0	0	0	0	0	0	0	0	0	0	0
3060	0	0	0	0	0	0	0	0	0	0	0	0	0	0	0	0
3093	0	0	0	0	0	0	0	0	0	0	0	0	0	0	0	0
3125	0	0	0	0	0	0	0	0	0	0	0	0	0	0	0	0
3159	0	0	0	0	0	0	0	0	0	0	0	0	0	0	0	0
3192	0	0	0	0	0	0	0	0	0	0	0	0	0	0	0	0
3225	0	0	0	0	0	0	0	0	0	0	0	0	0	0	0	0
3259	0	0	0	0	0	0	0	0	0	0	0	0	0	0	0	0
3293	0	0	0	0	0	0	0	0	0	0	0	0	0	0	0	0
3329	0	0	0	0	0	0	0	0	0	0	0	0	0	0	0	0
3361	0	0	0	0	0	0	0	0	0	0	0	0	0	0	0	0
3392	0	0	0	0	0	0	0	0	0	0	0	0	0	0	0	0
3425	0	0	0	0	0	0	0	0	0	0	0	0	0	0	0	0
3460	0	0	0	0	0	0	0	0	0	0	0	0	0	0	0	0
3493	0	0	0	0	0	0	0	0	0	0	0	0	0	0	0	0
3525	0	0	0	0	0	0	0	0	0	0	0	0	0	0	0	0
3559	0	0	0	0	0	0	0	0	0	0	0	0	0	0	0	0
3596	0	0	0	0	0	0	0	0	0	0	0	0	0	0	0	0
3628	0	0	0	0	0	0	0	0	0	0	0	0	0	0	0	0
3657	0	0	0	0	0	0	0	0	0	0	0	0	0	0	0	0
3691	0	0	0	0	0	0	0	0	0	0	0	0	0	0	0	0
3724	0	0	0	0	0	0	0	0	0	0	0	0	0	0	0	0
3762	0	0	0	0	0	0	0	0	0	0	0	0	0	0	0	0
3791	0	0	0	0	0	0	0	0	0	0	0	0	0	0	0	0
3824	0	0	0	0	0	0	0	0	0	0	0	0	0	0	0	0
3857	0	0	0	0	0	0	0	0	0	0	0	0	0	0	0	0
3890	0	0	0	0	0	0	0	0	0	0	0	0	0	0	0	0
3928	0	0	0	0	0	0	0	0	0	0	0	0	0	0	0	0
3959	0	0	0	0	0	0	0	0	0	0	0	0	0	0	0	0
3994	0	0	0	0	0	0	0	0	0	0	0	0	0	0	0	0
4027	0	0	0	0	0	0	0	0	0	0	0	0	0	0	0	0
4062	0	0	0	0	0	0	0	0	0	0	0	0	0	0	0	0
4093	0	0	0	0	0	0	0	0	0	0	0	0	0	0	0	0
4128	0	0	0	0	0	0	0	0	0	0	0	0	0	0	0	0
4161	0	0	0	0	0	0	0	0	0	0	0	0	0	0	0	0
4191	0	0	0	0	0	0	0	0	0	0	0	0	0	0	0	0
4227	0	0	0	0	0	0	0	0	0	0	0	0	0	0	0	0
4258	0	0	0	0	0	0	0	0	0	0	0	0	0	0	0	0
4295	0	0	0	0	0	0	0	0	0	0	0	0	0	0	0	0
4325	0	0	0	0	0	0	0	0	0	0	0	0	0	0	0	0
4357	0	0	0	0	0	0	0	0	0	0	0	0	0	0	0	0
4395	0	0	0	0	0	0	0	0	0	0	0	0	0	0	0	0
4424	0	0	0	0	0	0	0	0	0	0	0	0	0	0	0	0
4457	0	0	0	0	0	0	0	0	0	0	0	0	0	0	0	0
4490	0	0	0	0	0	0	0	0	0	0	0	0	0	0	0	0
4523	0	0	0	0	0	0	0	0	0	0	0	0	0	0	0	0
4556	0	0	0	0	0	0	0	0	0	0	0	0	0	0	0	0
4595	0	0	0	0	0	0	0	0	0	0	0	0	0	0	0	0
4626	0	0	0	0	0	0	0	0	0	0	0	0	0	0	0	0
4661	0	0	0	0	0	0	0	0	0	0	0	0	0	0	0	0
4693	0	0	0	0	0	0	0	0	0	0	0	0	0	0	0	0
4724	0	0	0	0	0	0	0	0	0	0	0	0	0	0	0	0
4758	0	0	0	0	0	0	0	0	0	0	0	0	0	0	0	0
4791	0	0	0	0	0	0	0	0	0	0	0	0	0	0	0	0
4824	0	0	0	0	0	0	0	0	0	0	0	0	0	0	0	0
4858	0	0	0	0	0	0	0	0	0	0	0	0	0	0	0	0
4895	0	0	0	0	0	0	0	0	0	0	0	0	0	0	0	0
4925	0	0	0	0	0	0	0	0	0	0	0	0	0	0	0	0
4962	0	0	0	0	0	0	0	0	0	0	0	0	0	0	0	0
4995	0	0	0	0	0	0	0	0	0	0	0	0	0	0	0	0
5024	0	0	0	0	0	0	0	0	0	0	0	0	0	0	0	0
5062	0	0	0	0	0	0	0	0	0	0	0	0	0	0	0	0
5091	0	0	0	0	0	0	0	0	0	0	0	0	0	0	0	0
5124	0	0	0	0	0	0	0	0	0	0	0	0	0	0	0	0
5157	0	0	0	0	0	0	0	0	0	0	0	0	0	0	0	0
5190	0	0	0	0	0	0	0	0	0	0	0	0	0	0	0	0
5223	0	0	0	0	0	0	0	0	0	0	0	0	0	0	0	0
5258	0	0	0	0	0	0	0	0	0	0	0	0	0	0	0	0
5290	0	0	0	0	0	0	0	0	0	0	0	0	0	0	0	0
5328	0	0	0	0	0	0	0	0	0	0	0	0	0	0	0	0
5357	0	0	0	0	0	0	0	0	0	0	0	0	0	0	0	0
5392	0	0	0	0	0	0	0	0	0	0	0	0	0	0	0	0
5424	0	0	0	0	0	0	0	0	0	0	0	0	0	0	0	0
5461	0	0	0	0	0	0	0	0	0	0	0	0	0	0	0	0
5490	0	0	0	0	0	0	0	0	0	0	0	0	0	0	0	0
5527	0	0	0	0	0	0	0	0	0	0	0	0	0	0	0	0
5560	0	0	0	0	0	0	0	0	0	0	0	0	0	0	0	0
5594	0	0	0	0	0	0	0	0	0	0	0	0	0	0	0	0
5627	0	0	0	0	0	0	0	0	0	0	0	0	0	0	0	0
5659	0	0	0	0	0	0	0	0	0	0	0	0	0	0	0	0
5694	0	0	0	0	0	0	0	0	0	0	0	0	0	0	0	0
5727	0	0	0	0	0	0	0	0	0	0	0	0	0	0	0	0
5761	0	0	0	0	0	0	0	0	0	0	0	0	0	0	0	0
5792	0	0	0	0	0	0	0	0	0	0	0	0	0	0	0	0
5824	0	0	0	0	0	0	0	0	0	0	0	0	0	0	0	0
5860	0	0	0	0	0	0	0	0	0	0	0	0	0	0	0	0
5893	0	0	0	0	0	0	0	0	0	0	0	0	0	0	0	0
5927	0	0	0	0	0	0	0	0	0	0	0	0	0	0	0	0
5960	0	0	0	0	0	0	0	0	0	0	0	0	0	0	0	0
5990	0	0	0	0	0	0	0	0	0	0	0	0	0	0	0	0
6023	0	0	0	0	0	0	0	0	0	0	0	0	0	0	0	0
6057	0	0	0	0	0	0	0	0	0	0	0	0	0	0	0	0
6091	0	0	0	0	0	0	0	0	0	0	0	0	0	0	0	0
6128	0	0	0	0	0	0	0	0	0	0	0	0	0	0	0	0
6161	0	0	0	0	0	0	0	0	0	0	0	0	0	0	0	0
6190	0	0	0	0	0	0	0	0	0	0	0	0	0	0	0	0
6227	0	0	0	0	0	0	0	0	0	0	0	0	0	0	0	0
6259	0	0	0	0	0	0	0	0	0	0	0	0	0	0	0	0
6293	0	0	0	0	0	0	0	0	0	0	0	0	0	0	0	0
6324	0	0	0	0	0	0	0	0	0	0	0	0	0	0	0	0
6359	0	0	0	0	0	0	0	0	0	0	0	0	0	0	0	0
6393	0	0	0	0	0	0	0	0	0	0	0	0	0	0	0	0
6427	0	0	0	0	0	0	0	0	0	0	0	0	0	0	0	0
6458	0	0	0	0	0	0	0	0	0	0	0	0	0	0	0	0
6492	0	0	0	0	0	0	0	0	0	0	0	0	0	0	0	0
6524	0	0	0	0	0	0	0	0	0	0	0	0	0	0	0	0
6558	0	0	0	0	0	0	0	0	0	0	0	0	0	0	0	0
6590	0	0	0	0	0	0	0	0	0	0	0	0	0	0	0	0
6624	0	0	0	0	0	0	0	0	0	0	0	0	0	0	0	0
6657	0	0	0	0	0	0	0	0	0	0	0	0	0	0	0	0
6691	0	0	0	0	0	0	0	0	0	0	0	0	0	0	0	0
6724	0	0	0	0	0	0	0	0	0	0	0	0	0	0	0	0
6756	0	0	0	0	0	0	0	0	0	0	0	0	0	0	0	0
6791	0	0	0	0	0	0	0	0	0	0	0	0	0	0	0	0
6825	0	0	0	0	0	0	0	0	0	0	0	0	0	0	0	0
6858	0	0	0	0	0	0	0	0	0	0	0	0	0	0	0	0
6890	0	0	0	0	0	0	0	0	0	0	0	0	0	0	0	0
6923	0	0	0	0	0	0	0	0	0	0	0	0	0	0	0	0
6958	0	0	0	0	0	0	0	0	0	0	0	0	0	0	0	0
6990	0	0	0	0	0	0	0	0	0	0	0	0	0	0	0	0
7027	0	0	0	0	0	0	0	0	0	0	0	0	0	0	0	0
7059	0	0	0	0	0	0	0	0	0	0	0	0	0	0	0	0
7091	0	0	0	0	0	0	0	0	0	0	0	0	0	0	0	0
7125	0	0	0	0	0	0	0	0	0	0	0	0	0	0	0	0
7161	0	0	0	0	0	0	0	0	0	0	0	0	0	0	0	0
7194	0	0	0	0	0	0	0	0	0	0	0	0	0	0	0	0
7225	0	0	0	0	0	0	0	0	0	0	0	0	0	0	0	0
7262	0	0	0	0	0	0	0	0	0	0	0	0	0	0	0	0
7294	0	0	0	0	0	0	0	0	0	0	0	0	0	0	0	0
7326	0	0	0	0	0	0	0	0	0	0	0	0	0	0	0	0
7360	0	0	0	0	0	0	0	0	0	0	0	0	0	0	0	0
7393	0	0	0	0	0	0	0	0	0	0	0	0	0	0	0	0
7427	0	0	0	0	0	0	0	0	0	0	0	0	0	0	0	0
7460	0	0	0	0	0	0	0	0	0	0	0	0	0	0	0	0
7493	0	0	0	0	0	0	0	0	0	0	0	0	0	0	0	0
7526	0	0	0	0	0	0	0	0	0	0	0	0	0	0	0	0
7559	0	0	0	0	0	0	0	0	0	0	0	0	0	0	0	0
7591	0	0	0	0	0	0	0	0	0	0	0	0	0	0	0	0
7625	0	0	0	0	0	0	0	0	0	0	0	0	0	0	0	0
7658	0	0	0	0	0	0	0	0	0	0	0	0	0	0	0	0
7692	0	0	0	0	0	0	0	0	0	0	0	0	0	0	0	0
7724	0	0	0	0	0	0	0	0	0	0	0	0	0	0	0	0
7758	0	0	0	0	0	0	0	0	0	0	0	0	0	0	0	0
7793	0	0	0	0	0	0	0	0	0	0	0	0	0	0	0	0
7824	0	0	0	0	0	0	0	0	0	0	0	0	0	0	0	0
7861	0	0	0	0	0	0	0	0	0	0	0	0	0	0	0	0
7892	0	0	0	0	0	0	0	0	0	0	0	0	0	0	0	0
7927	0	0	0	0	0	0	0	0	0	0	0	0	0	0	0	0
7960	0	0	0	0	0	0	0	0	0	0	0	0	0	0	0	0
7994	0	0	0	0	0	0	0	0	0	0	0	0	0	0	0	0
8025	0	0	0	0	0	0	0	0	0	0	0	0	0	0	0	0
8059	0	0	0	0	0	0	0	0	0	0	0	0	0	0	0	0
8092	0	0	0	0	0	0	0	0	0	0	0	0	0	0	0	0
8125	0	0	0	0	0	0	0	0	0	0	0	0	0	0	0	0
8157	0	0	0	0	0	0	0	0	0	0	0	0	0	0	0	0
8191	0	0	0	0	0	0	0	0	0	0	0	0	0	0	0	0
8226	0	0	0	0	0	0	0	0	0	0	0	0	0	0	0	0
8259	0	0	0	0	0	0	0	0	0	0	0	0	0	0	0	0
8290	0	0	0	0	0	0	0	0	0	0	0	0	0	0	0	0
8327	0	0	0	0	0	0	0	0	0	0	0	0	0	0	0	0
8359	0	0	0	0	0	0	0	0	0	0	0	0	0	0	0	0
8392	0	0	0	0	0	0	0	0	0	0	0	0	0	0	0	0
8424	0	0	0	0	0	0	0	0	0	0	0	0	0	0	0	0
8459	0	0	0	0	0	0	0	0	0	0	0	0	0	0	0	0
8491	0	0	0	0	0	0	0	0	0	0	0	0	0	0	0	0
8525	0	0	0	0	0	0	0	0	0	0	0	0	0	0	0	0
8557	0	0	0	0	0	0	0	0	0	0	0	0	0	0	0	0
8593	0	0	0	0	0	0	0	0	0	0	0	0	0	0	0	0
8624	0	0	0	0	0	0	0	0	0	0	0	0	0	0	0	0
8658	0	0	0	0	0	0	0	0	0	0	0	0	0	0	0	0
8691	0	0	0	0	0	0	0	0	0	0	0	0	0	0	0	0
8724	0	0	0	0	0	0	0	0	0	0	0	0	0	0	0	0
8759	0	0	0	0	0	0	0	0	0	0	0	0	0	0	0	0
8793	0	0	0	0	0	0	0	0	0	0	0	0	0	0	0	0
8824	0	0	0	0	0	0	0	0	0	0	0	0	0	0	0	0
8857	0	0	0	0	0	0	0	0	0	0	0	0	0	0	0	0
8894	0	0	0	0	0	0	0	0	0	0	0	0	0	0	0	0
8928	0	0	0	0	0	0	0	0	0	0	0	0	0	0	0	0
8961	0	0	0	0	0	0	0	0	0	0	0	0	0	0	0	0
8991	0	0	0	0	0	0	0	0	0	0	0	0	0	0	0	0
9028	0	0	0	0	0	0	0	0	0	0	0	0	0	0	0	0
9061	0	0	0	0	0	0	0	0	0	0	0	0	0	0	0	0
9094	0	0	0	0	0	0	0	0	0	0	0	0	0	0	0	0
9128	0	0	0	0	0	0	0	0	0	0	0	0	0	0	0	0
9160	0	0	0	0	0	0	0	0	0	0	0	0	0	0	0	0
9194	0	0	0	0	0	0	0	0	0	0	0	0	0	0	0	0
9227	0	0	0	0	0	0	0	0	0	0	0	0	0	0	0	0
9261	0	0	0	0	0	0	0	0	0	0	0	0	0	0	0	0
9294	0	0	0	0	0	0	0	0	0	0	0	0	0	0	0	0
9328	0	0	0	0	0	0	0	0	0	0	0	0	0	0	0	0
9361	0	0	0	0	0	0	0	0	0	0	0	0	0	0	0	0
9394	0	0	0	0	0	0	0	0	0	0	0	0	0	0	0	0
9427	0	0	0	0	0	0	0	0	0	0	0	0	0	0	0	0
9461	0	0	0	0	0	0	0	0	0	0	0	0	0	0	0	0
9494	0	0	0	0	0	0	0	0	0	0	0	0	0	0	0	0
9529	0	0	0	0	0	0	0	0	0	0	0	0	0	0	0	0
9561	0	0	0	0	0	0	0	0	0	0	0	0	0	0	0	0
9594	0	0	0	0	0	0	0	0	0	0	0	0	0	0	0	0
9629	0	0	0	0	0	0	0	0	0	0	0	0	0	0	0	0
9662	0	0	0	0	0	0	0	0	0	0	0	0	0	0	0	0
9695	0	0	0	0	0	0	0	0	0	0	0	0	0	0	0	0
9726	0	0	0	0	0	0	0	0	0	0	0	0	0	0	0	0
9759	0	0	0	0	0	0	0	0	0	0	0	0	0	0	0	0
9792	0	0	0	0	0	0	0	0	0	0	0	0	0	0	0	0
9826	0	0	0	0	0	0	0	0	0	0	0	0	0	0	0	0
9859	0	0	0	0	0	0	0	0	0	0	0	0	0	0	0	0
9893	0	0	0	0	0	0	0	0	0	0	0	0	0	0	0	0
9926	0	0	0	0	0	0	0	0	0	0	0	0	0	0	0	0
9958	0	0	0	0	0	0	0	0	0	0	0	0	0	0	0	0
9993	0	0	0	0	0	0	0	1	0	0	0	0	1	0	0	0
10026	0	0	0	0	0	0	0	1	0	0	0	0	1	0	0	0
10059	0	0	0	0	0	0	0	1	0	0	0	0	1	0	0	0
10093	0	0	0	0	0	0	0	1	0	0	0	0	1	0	0	0
10125	0	0	0	0	0	0	0	1	0	0	0	0	0	0	0	0
10158	0	0	0	0	0	0	0	0	0	0	0	0	0	0	0	0
10194	0	0	0	0	0	0	0	0	0	0	0	0	0	0	0	0
10226	0	0	0	0	0	0	0	0	0	0	0	0	0	0	0	0
10259	0	0	0	0	0	0	0	0	0	0	0	0	0	0	0	0
10291	0	0	0	0	0	0	0	0	0	0	0	0	0	0	0	0
10324	0	0	0	0	0	0	0	0	0	0	0	0	0	0	0	0
10358	0	0	0	0	0	0	0	0	0	0	0	0	0	0	0	0
10391	0	0	0	0	0	0	0	0	0	0	0	0	0	0	0	0
10426	0	0	0	0	0	0	0	0	0	0	0	0	0	0	0	0
10461	0	0	0	0	0	0	0	0	0	0	0	0	0	0	0	0
10492	0	0	0	0	0	0	0	0	0	0	0	0	0	0	0	0
10524	0	0	0	0	0	0	0	0	0	0	0	0	0	0	0	0
10557	0	0	0	0	0	0	0	0	0	0	0	0	0	0	0	0
10593	0	0	0	0	0	0	0	0	0	0	0	0	0	0	0	0
10627	0	0	0	0	0	0	0	0	0	0	0	0	0	0	0	0
10659	0	0	0	0	0	0	0	0	0	0	0	0	0	0	0	0
10691	0	0	0	0	0	0	0	0	0	0	0	0	0	0	0	0
10723	0	0	0	0	0	0	0	0	0	0	0	0	0	0	0	0
10763	0	0	0	0	0	0	0	0	0	0	0	0	0	0	0	0
10791	0	0	0	0	0	0	0	0	0	0	0	0	0	0	0	0
10823	0	0	0	0	0	0	0	0	0	0	0	0	0	0	0	0
10857	0	0	0	0	0	0	0	0	0	0	0	0	0	0	0	0
10896	0	0	0	0	0	0	0	0	0	0	0	0	0	0	0	0
10925	0	0	0	0	0	0	0	0	0	0	0	0	0	0	0	0
10959	0	0	0	0	0	0	0	0	0	0	0	0	0	0	0	0
10990	0	0	0	0	0	0	0	0	0	0	0	0	0	0	0	0
11025	0	0	0	0	0	0	0	0	0	0	0	0	0	0	0	0
11058	0	0	0	0	0	0	0	0	0	0	0	0	0	0	0	0
11092	0	0	0	0	0	0	0	0	0	0	0	0	0	0	0	0
11125	0	0	0	0	0	0	0	0	0	0	0	0	0	0	0	0
11159	0	0	0	0	0	0	0	0	0	0	0	0	0	0	0	0
11191	0	0	0	0	0	0	0	0	0	0	0	0	0	0	0	0
11223	0	0	0	0	0	0	0	0	0	0	0	0	0	0	0	0
11258	0	0	0	0	0	0	0	0	0	0	0	0	0	0	0	0
11291	0	0	0	0	0	0	0	0	0	0	0	0	0	0	0	0
11324	0	0	0	0	0	0	0	0	0	0	0	0	0	0	0	0
11357	0	0	0	0	0	0	0	0	0	0	0	0	0	0	0	0
11392	0	0	0	0	0	0	0	0	0	0	0	0	0	0	0	0
11426	0	0	0	0	0	0	0	0	0	0	0	0	0	0	0	0
11458	0	0	0	0	0	0	0	0	0	0	0	0	0	0	0	0
11490	0	0	0	0	0	0	0	0	0	0	0	0	0	0	0	0
11525	0	0	0	0	0	0	0	0	0	0	0	0	0	0	0	0
11557	0	0	0	0	0	0	0	0	0	0	0	0	0	0	0	0
11596	0	0	0	0	0	0	0	0	0	0	0	0	0	0	0	0
11626	0	0	0	0	0	0	0	0	0	0	0	0	0	0	0	0
11660	0	0	0	0	0	0	0	0	0	0	0	0	0	0	0	0
11694	0	0	0	0	0	0	0	1	0	0	0	0	0	0	0	0
11725	0	0	0	0	0	0	0	1	0	0	0	0	1	0	0	0
11762	0	0	0	0	0	0	0	1	0	0	0	0	1	0	0	0
11791	0	0	0	0	0	0	0	1	0	0	0	0	1	0	0	0
11826	0	0	0	0	0	0	0	1	0	0	0	0	1	0	0	0
11860	0	0	0	0	0	0	0	1	0	0	0	0	0	0	0	0
11894	0	0	0	0	0	0	0	0	0	0	0	0	0	0	0	0
11927	0	0	0	0	0	0	0	0	0	0	0	0	0	0	0	0
11961	0	0	0	0	0	0	0	0	0	0	0	0	0	0	0	0
11994	0	0	0	0	0	0	0	0	0	0	0	0	0	0	0	0
12027	0	0	0	0	0	0	0	0	0	0	0	0	0	0	0	0
12059	0	0	0	0	0	0	0	0	0	0	0	0	0	0	0	0
12094	0	0	0	0	0	0	0	0	0	0	0	0	0	0	0	0
12128	0	0	0	0	0	0	0	0	0	0	0	0	0	0	0	0
12161	0	0	0	0	0	0	0	0	0	0	0	0	0	0	0	0
12194	0	0	0	0	0	0	0	0	0	0	0	0	0	0	0	0
12226	0	0	0	0	0	0	0	0	0	0	0	0	0	0	0	0
12258	0	0	0	0	0	0	0	0	0	0	0	0	0	0	0	0
12294	0	0	0	0	0	0	0	0	0	0	0	0	0	0	0	0
12328	0	0	0	0	0	0	0	0	0	0	0	0	0	0	0	0
12361	0	0	0	0	0	0	0	0	0	0	0	0	0	0	0	0
12392	0	0	0	0	0	0	0	0	0	0	0	0	0	0	0	0
12426	0	0	0	0	0	0	0	0	0	0	0	0	0	0	0	0
12461	0	0	0	0	0	0	0	0	0	0	0	0	0	0	0	0
12494	0	0	0	0	0	0	0	0	0	0	0	0	0	0	0	0
12528	0	0	0	0	0	0	0	0	0	0	0	0	0	0	0	0
12559	0	0	0	0	0	0	0	0	0	0	0	0	0	0	0	0
12594	0	0	0	0	0	0	0	0	0	0	0	0	0	0	0	0
12626	0	0	0	0	0	0	0	0	0	0	0	0	0	0	0	0
12660	0	0	0	0	0	0	0	0	0	0	0	0	0	0	0	0
12693	0	0	0	0	0	0	0	0	0	0	0	0	0	0	0	0
12727	0	0	0	0	0	0	0	0	0	0	0	0	0	0	0	0
12762	0	0	0	0	0	0	0	0	0	0	0	0	0	0	0	0
12793	0	0	0	0	0	0	0	0	0	0	0	0	0	0	0	0
12826	0	0	0	0	0	0	0	0	0	0	0	0	0	0	0	0
12858	0	0	0	0	0	0	0	0	0	0	0	0	0	0	0	0
12893	0	0	0	0	0	0	0	0	0	0	0	0	0	0	0	0
12926	0	0	0	0	0	0	0	0	0	0	0	0	0	0	0	0
12962	0	0	0	0	0	0	0	0	0	0	0	0	0	0	0	0
12990	0	0	0	0	0	0	0	0	0	0	0	0	0	0	0	0
13024	0	0	0	0	0	0	0	0	0	0	0	0	0	0	0	0
13058	0	0	0	0	0	0	0	0	0	0	0	0	0	0	0	0
13090	0	0	0	0	0	0	0	0	0	0	0	0	0	0	0	0
13125	0	0	0	0	0	0	0	0	0	0	0	0	0	0	0	0
13158	0	0	0	0	0	0	0	0	0	0	0	0	0	0	0	0
13195	0	0	0	0	0	0	0	0	0	0	0	0	0	0	0	0
13226	0	0	0	0	0	0	0	0	0	0	0	0	0	0	0	0
13259	0	0	0	0	0	0	0	0	0	0	0	0	0	0	0	0
13291	0	0	0	0	0	0	0	0	0	0	0	0	0	0	0	0
13323	0	0	0	0	0	0	0	0	0	0	0	0	0	0	0	0
13361	0	0	0	0	0	0	0	0	0	0	0	0	0	0	0	0
13391	0	0	0	0	0	0	0	0	0	0	0	0	0	0	0	0
13424	0	0	0	0	0	0	0	0	0	0	0	0	0	0	0	0
13458	0	0	0	0	0	0	0	0	0	0	0	0	0	0	0	0
13491	0	0	0	0	0	0	0	0	0	0	0	0	0	0	0	0
13525	0	0	0	0	0	0	0	0	0	0	0	0	0	0	0	0
13558	0	0	0	0	0	0	0	0	0	0	0	0	0	0	0	0
13592	0	0	0	0	0	0	0	1	0	0	0	0	1	0	0	0
13625	0	0	0	0	0	0	0	1	0	0	0	0	1	0	0	0
13658	0	0	0	0	0	0	0	1	0	0	0	0	1	0	0	0
13692	0	0	0	0	0	0	0	1	0	0	0	0	1	0	0	0
13724	0	0	0	0	0	0	0	1	0	0	0	0	0	0	0	0
13757	0	0	0	0	0	0	0	0	0	0	0	0	0	0	0	0
13791	0	0	0	0	0	0	0	0	0	0	0	0	0	0	0	0
13827	0	0	0	0	0	0	0	0	0	0	0	0	0	0	0	0
13859	0	0	0	0	0	0	0	0	0	0	0	0	0	0	0	0
13893	0	0	0	0	0	0	0	0	0	0	0	0	0	0	0	0
13925	0	0	0	0	0	0	0	0	0	0	0	0	0	0	0	0
13962	0	0	0	0	0	0	0	0	0	0	0	0	0	0	0	0
13993	0	0	0	0	0	0	0	0	0	0	0	0	0	0	0	0
14024	0	0	0	0	0	0	0	0	0	0	0	0	0	0	0	0
14058	0	0	0	0	0	0	0	0	0	0	0	0	0	0	0	0
14091	0	0	0	0	0	0	0	0	0	0	0	0	0	0	0	0
14123	0	0	0	0	0	0	0	0	0	0	0	0	0	0	0	0
14157	0	0	0	0	0	0	0	0	0	0	0	0	0	0	0	0
14195	0	0	0	0	0	0	0	0	0	0	0	0	0	0	0	0
14224	0	0	0	0	0	0	0	0	0	0	0	0	0	0	0	0
14259	0	0	0	0	0	0	0	0	0	0	0	0	0	0	0	0
14290	0	0	0	0	0	0	0	0	0	0	0	0	0	0	0	0
14323	0	0	0	0	0	0	0	0	0	0	0	0	0	0	0	0
14357	0	0	0	0	0	0	0	0	0	0	0	0	0	0	0	0
14395	0	0	0	0	0	0	0	0	0	0	0	0	0	0	0	0
14424	0	0	0	0	0	0	0	0	0	0	0	0	0	0	0	0
14458	0	0	0	0	0	0	0	0	0	0	0	0	0	0	0	0
14492	0	0	0	0	0	0	0	0	0	0	0	0	0	0	0	0
14529	0	0	0	0	0	0	0	0	0	0	0	0	0	0	0	0
14558	0	0	0	0	0	0	0	0	0	0	0	0	0	0	0	0
14590	0	0	0	0	0	0	0	0	0	0	0	0	0	0	0	0
14626	0	0	0	0	0	0	0	0	0	0	0	0	0	0	0	0
14657	0	0	0	0	0	0	0	0	0	0	0	0	0	0	0	0
14690	0	0	0	0	0	0	0	0	0	0	0	0	0	0	0	0
14726	0	0	0	0	0	0	0	0	0	0	0	0	0	0	0	0
14757	0	0	0	0	0	0	1	0	0	0	0	0	0	0	0	0
14796	0	0	0	0	0	0	1	0	0	0	0	0	0	0	0	0
14825	0	0	0	0	0	0	1	0	0	0	0	0	0	0	0	0
14857	0	0	0	0	0	0	1	0	0	0	0	0	0	0	0	0
14896	0	0	0	0	0	0	0	0	0	0	0	0	0	0	0	0
14925	0	0	0	0	0	0	0	0	0	0	0	0	0	0	0	0
14959	0	0	0	0	0	0	0	0	0	0	0	0	0	0	0	0
14991	0	0	0	0	0	0	0	0	0	0	0	0	0	0	0	0
15028	0	0	0	0	0	0	0	0	0	0	0	0	0	0	0	0
15058	0	0	0	0	0	0	0	0	0	0	0	0	0	0	0	0
15090	0	0	0	0	0	0	0	0	0	0	0	0	0	0	0	0
15128	0	0	0	0	0	0	0	0	0	0	0	0	0	0	0	0
15159	0	0	0	0	0	0	0	0	0	0	0	0	0	0	0	0
15191	0	0	0	0	0	0	0	0	0	0	0	0	0	0	0	0
15224	0	0	0	0	0	0	0	0	0	0	0	0	0	0	0	0
15258	0	0	0	0	0	0	0	0	0	0	0	0	0	0	0	0
15291	0	0	0	0	0	0	0	0	0	0	0	0	0	0	0	0
15324	0	0	0	0	0	0	0	0	0	0	0	0	0	0	0	0
15357	0	0	0	0	0	0	0	0	0	0	0	0	0	0	0	0
15392	0	0	0	0	0	0	0	0	0	0	0	0	0	0	0	0
15425	0	0	0	0	0	0	0	0	0	0	0	0	0	0	0	0
15457	0	0	0	0	0	0	0	0	0	0	0	0	0	0	0	0
15492	0	0	0	0	0	0	0	0	0	0	0	0	0	0	0	0
15524	0	0	0	0	0	0	0	0	0	0	0	0	0	0	0	0
15558	0	0	0	0	0	0	0	0	0	0	0	0	0	0	0	0
15591	0	0	0	0	0	0	0	0	0	0	0	0	0	0	0	0
15624	0	0	0	0	0	0	0	0	0	0	0	0	0	0	0	0
15657	0	0	0	0	0	0	0	0	0	0	0	0	0	0	0	0
15696	0	0	0	0	0	0	0	0	0	0	0	0	0	0	0	0
15729	0	0	0	0	0	0	0	0	0	0	0	0	0	0	0	0
15757	0	0	0	0	0	0	0	0	0	0	0	0	0	0	0	0
15791	0	0	0	0	0	0	0	0	0	0	0	0	0	0	0	0
15823	0	0	0	0	0	0	0	0	0	0	0	0	0	0	0	0
15857	0	0	0	0	0	0	0	0	0	0	0	0	0	0	0	0
15895	0	0	0	0	0	0	0	0	0	0	0	0	0	0	0	0
15924	0	0	0	0	0	0	0	0	0	0	0	0	0	0	0	0
15962	0	0	0	0	0	0	0	0	0	0	0	0	0	0	0	0
15990	0	0	0	0	0	0	0	0	0	0	0	0	0	0	0	0
16027	0	0	0	0	0	0	0	0	0	0	0	0	0	0	0	0
16061	0	0	0	0	0	0	0	0	0	0	0	0	0	0	0	0
16095	0	0	0	0	0	0	0	0	0	0	0	0	0	0	0	0
16128	0	0	0	0	0	0	0	0	0	0	0	0	0	0	0	0
16161	0	0	0	0	0	0	0	0	0	0	0	0	0	0	0	0
16194	0	0	0	0	0	0	0	0	0	0	0	0	1	0	0	0
16227	0	0	0	0	0	0	0	1	0	0	0	0	1	0	0	0
16261	0	0	0	0	0	0	0	1	0	0	0	0	1	0	0	0
16295	0	0	0	0	0	0	0	1	0	0	0	0	1	0	0	0
16327	0	0	0	0	0	0	0	1	0	0	0	0	0	0	0	0
16360	0	0	0	0	0	0	0	0	0	0	0	0	0	0	0	0
16394	0	0	0	0	0	0	0	0	0	0	0	0	0	0	0	0
16427	0	0	0	0	0	0	0	0	0	0	0	0	0	0	0	0
16460	0	0	0	0	0	0	0	0	0	0	0	0	0	0	0	0
16493	0	0	0	0	0	0	0	0	0	0	0	0	0	0	0	0
16527	0	0	0	0	0	0	0	0	0	0	0	0	0	0	0	0
16560	0	0	0	0	0	0	0	0	0	0	0	0	0	0	0	0
16594	0	0	0	0	0	0	0	0	0	0	0	0	0	0	0	0
16626	0	0	0	0	0	0	0	0	0	0	0	0	0	0	0	0
16660	0	0	0	0	0	0	0	0	0	0	0	0	0	0	0	0
16693	0	0	0	0	0	0	0	0	0	0	0	0	0	0	0	0
16728	0	0	0	0	0	0	0	0	0	0	0	0	0	0	0	0
16760	0	0	0	0	0	0	0	0	0	0	0	0	0	0	0	0
16793	0	0	0	0	0	0	0	0	0	0	0	0	0	0	0	0
16826	0	0	0	0	0	0	0	0	0	0	0	0	0	0	0	0
16859	0	0	0	0	0	0	0	0	0	0	0	0	0	0	0	0
16893	0	0	0	0	0	0	0	0	0	0	0	0	0	0	0	0
16926	0	0	0	0	0	0	0	0	0	0	0	0	0	0	0	0
16959	0	0	0	0	0	0	0	0	0	0	0	0	0	0	0	0
16992	0	0	0	0	0	0	0	0	0	0	0	0	0	0	0	0
17026	0	0	0	0	0	0	0	0	0	0	0	0	0	0	0	0
17058	0	0	0	0	0	0	0	0	0	0	0	0	0	0	0	0
17094	0	0	0	0	0	0	0	0	0	0	0	0	0	0	0	0
17128	0	0	0	0	0	0	0	0	0	0	0	0	0	0	0	0
17161	0	0	0	0	0	0	0	0	0	0	0	0	0	0	0	0
17195	0	0	0	0	0	0	0	0	0	0	0	0	0	0	0	0
17227	0	0	0	0	0	0	0	0	0	0	0	0	0	0	0	0
17258	0	0	0	0	0	0	0	0	0	0	0	0	0	0	0	0
17292	0	0	0	0	0	0	0	0	0	0	0	0	0	0	0	0
17325	0	0	0	0	0	0	0	0	0	0	0	0	0	0	0	0
17357	0	0	0	0	0	0	0	0	0	0	0	0	0	0	0	0
17392	0	0	0	0	0	0	0	0	0	0	0	0	0	0	0	0
17425	0	0	0	0	0	0	0	0	0	0	0	0	0	0	0	0
17458	0	0	0	0	0	0	0	0	0	0	0	0	0	0	0	0
17491	0	0	0	0	0	0	0	0	0	0	0	0	0	0	0	0
17524	0	0	0	0	0	0	0	0	0	0	0	0	0	0	0	0
17558	0	0	0	0	0	0	0	0	0	0	0	0	0	0	0	0
17591	0	0	0	0	0	0	0	0	0	0	0	0	0	0	0	0
17624	0	0	0	0	0	0	0	0	0	0	0	0	0	0	0	0
17658	0	0	0	0	0	0	0	0	0	0	0	0	0	0	0	0
17695	0	0	0	0	0	0	0	0	0	0	0	0	0	0	0	0
17724	0	0	0	0	0	0	0	0	0	0	0	0	0	0	0	0
17757	0	0	0	0	0	0	0	0	0	0	0	0	0	0	0	0
17790	0	0	0	0	0	0	0	0	0	0	0	0	0	0	0	0
17824	0	0	0	0	0	0	0	0	0	0	0	0	0	0	0	0
17857	0	0	0	0	0	0	0	0	0	0	0	0	0	0	0	0
17895	0	0	0	0	0	0	0	0	0	0	0	0	0	0	0	0
17924	0	0	0	0	0	0	0	0	0	0	0	0	0	0	0	0
17960	0	0	0	0	0	0	0	0	0	0	0	0	0	0	0	0
17990	0	0	0	0	0	0	0	0	0	0	0	0	0	0	0	0
18023	0	0	0	0	0	0	0	0	0	0	0	0	0	0	0	0
18062	0	0	0	0	0	0	0	0	0	0	0	0	0	0	0	0
18095	0	0	0	0	0	0	0	0	0	0	0	0	0	0	0	0
18124	0	0	0	0	0	0	0	0	0	0	0	0	0	0	0	0
18162	0	0	0	0	0	0	0	0	0	0	0	0	0	0	0	0
18191	0	0	0	0	0	0	0	0	0	0	0	0	0	0	0	0
18226	0	0	0	0	0	0	0	0	0	0	0	0	0	0	0	0
18261	0	0	0	0	0	0	0	0	0	0	0	0	0	0	0	0
18291	0	0	0	0	0	0	0	0	0	0	0	0	0	0	0	0
18328	0	0	0	0	0	0	0	0	0	0	0	0	0	0	0	0
18362	0	0	0	0	0	0	0	0	0	0	0	0	0	0	0	0
18390	0	0	0	0	0	0	0	0	0	0	0	0	0	0	0	0
18426	0	0	0	0	0	0	0	0	0	0	0	0	0	0	0	0
18461	0	0	0	0	0	0	0	0	0	0	0	0	0	0	0	0
18495	0	0	0	0	0	0	0	0	0	0	0	0	0	0	0	0
18523	0	0	0	0	0	0	0	0	0	0	0	0	0	0	0	0
18561	0	0	0	0	0	0	0	0	0	0	0	0	0	0	0	0
18594	0	0	0	0	0	0	0	0	0	0	0	0	0	0	0	0
18623	0	0	0	0	0	0	0	0	0	0	0	0	0	0	0	0
18658	0	0	0	0	0	0	0	0	0	0	0	0	0	0	0	0
18695	0	0	0	0	0	0	0	0	0	0	0	0	0	0	0	0
18724	0	0	0	0	0	0	0	0	0	0	0	0	0	0	0	0
18760	0	0	0	0	0	0	0	0	0	0	0	0	0	0	0	0
18792	0	0	0	0	0	0	0	0	0	0	0	0	0	0	0	0
18826	0	0	0	0	0	0	0	0	0	0	0	0	0	0	0	0
18861	0	0	0	0	0	0	0	0	0	0	0	0	0	0	0	0
18895	0	0	0	0	0	0	0	0	0	0	0	0	0	0	0	0
18929	0	0	0	0	0	0	0	0	0	0	0	0	0	0	0	0
18960	0	0	0	0	0	0	0	0	0	0	0	0	0	0	0	0
18994	0	0	0	0	0	0	0	0	0	0	0	0	0	0	0	0
19028	0	0	0	0	0	0	0	0	0	0	0	0	0	0	0	0
19062	0	0	0	0	0	0	0	0	0	0	0	0	0	0	0	0
19094	0	0	0	0	0	0	0	0	0	0	0	0	0	0	0	0
19128	0	0	0	0	0	0	0	0	0	0	0	0	0	0	0	0
19161	0	0	0	0	0	0	0	0	0	0	0	0	0	0	0	0
19193	0	0	0	0	0	0	0	0	0	0	0	0	0	0	0	0
19226	0	0	0	0	0	0	0	0	0	0	0	0	0	0	0	0
19260	0	0	0	0	0	0	0	0	0	0	0	0	0	0	0	0
19294	0	0	0	0	0	0	0	0	0	0	0	0	0	0	0	0
19327	0	0	0	0	0	0	0	0	0	0	0	0	0	0	0	0
19361	0	0	0	0	0	0	0	0	0	0	0	0	0	0	0	0
19395	0	0	0	0	0	0	0	0	0	0	0	0	0	0	0	0
19428	0	0	0	0	0	0	0	0	0	0	0	0	0	0	0	0
19460	0	0	0	0	0	0	0	0	0	0	0	0	0	0	0	0
19493	0	0	0	0	0	0	0	0	0	0	0	0	0	0	0	0
19526	0	0	0	0	0	0	0	0	0	0	0	0	0	0	0	0
19560	0	0	0	0	0	0	0	0	0	0	0	0	0	0	0	0
19594	0	0	0	0	0	0	0	0	0	0	0	0	0	0	0	0
19626	0	0	0	0	0	0	0	0	0	0	0	0	0	0	0	0
19659	0	0	0	0	0	0	0	0	0	0	0	0	0	0	0	0
19693	0	0	0	0	0	0	0	0	0	0	0	0	0	0	0	0
19726	0	0	0	0	0	0	0	0	0	0	0	0	0	0	0	0
19760	0	0	0	0	0	0	0	0	0	0	0	0	0	0	0	0
19793	0	0	0	0	0	0	0	0	0	0	0	0	0	0	0	0
19827	0	0	0	0	0	0	0	0	0	0	0	0	0	0	0	0
19859	0	0	0	0	0	0	0	0	0	0	0	0	0	0	0	0
19891	0	0	0	0	0	0	0	0	0	0	0	0	0	0	0	0
19925	0	0	0	0	0	0	0	0	0	0	0	0	0	0	0	0
19959	0	0	0	0	0	0	0	0	0	0	0	0	0	0	0	0
19992	0	0	0	0	0	0	0	0	0	0	0	0	0	0	0	0
20026	0	0	0	0	0	0	0	0	0	0	0	0	0	0	0	0
20058	0	0	0	0	0	0	0	0	0	0	0	0	0	0	0	0
20090	0	0	0	0	0	0	0	0	0	0	0	0	0	0	0	0
20125	0	0	0	0	0	0	0	0	0	0	0	0	0	0	0	0
20161	0	0	0	0	0	0	0	0	0	0	0	0	0	0	0	0
20190	0	0	0	0	0	0	0	0	0	0	0	0	0	0	0	0
20224	0	0	0	0	0	0	0	0	0	0	0	0	0	0	0	0
20258	0	0	0	0	0	0	0	0	0	0	0	0	0	0	0	0
20291	0	0	0	0	0	0	0	0	0	0	0	0	0	0	0	0
20323	0	0	0	0	0	0	0	0	0	0	0	0	0	0	0	0
20360	0	0	0	0	0	0	0	0	0	0	0	0	0	0	0	0
20394	0	0	0	0	0	0	0	0	0	0	0	0	0	0	0	0
20427	0	0	0	0	0	0	0	0	0	0	0	0	0	0	0	0
20458	0	0	0	0	0	0	0	0	0	0	0	0	0	0	0	0
20490	0	0	0	0	0	0	0	0	0	0	0	0	0	0	0	0
20526	0	0	0	0	0	0	0	0	0	0	0	0	0	0	0	0
20559	0	0	0	0	0	0	0	0	0	0	0	0	0	0	0	0
20590	0	0	0	0	0	0	0	0	0	0	0	0	0	0	0	0
20627	0	0	0	0	0	0	0	0	0	0	0	0	0	0	0	0
20657	0	0	0	0	0	0	0	0	0	0	0	0	0	0	0	0
20691	0	0	0	0	0	0	0	1	0	0	0	0	1	0	0	0
20724	0	0	0	0	0	0	0	1	0	0	0	0	1	0	0	0
20758	0	0	0	0	0	0	0	1	0	0	0	0	1	0	0	0
20791	0	0	0	0	0	0	0	1	0	0	0	0	1	0	0	0
20824	0	0	0	0	0	0	0	1	0	0	0	0	0	0	0	0
20857	0	0	0	0	0	0	0	0	0	0	0	0	0	0	0	0
20891	0	0	0	0	0	0	0	0	0	0	0	0	0	0	0	0
20924	0	0	0	0	0	0	0	0	0	0	0	0	0	0	0	0
20957	0	0	0	0	0	0	0	0	0	0	0	0	0	0	0	0
20994	0	0	0	0	0	0	0	0	0	0	0	0	0	0	0	0
21024	0	0	0	0	0	0	0	0	0	0	0	0	0	0	0	0
21058	0	0	0	0	0	0	0	0	0	0	0	0	0	0	0	0
21090	0	0	0	0	0	0	0	0	0	0	0	0	0	0	0	0
21127	0	0	0	0	0	0	0	0	0	0	0	0	0	0	0	0
21161	0	0	0	0	0	0	0	0	0	0	0	0	0	0	0	0
21194	0	0	0	0	0	0	0	0	0	0	0	0	0	0	0	0
21223	0	0	0	0	0	0	0	0	0	0	0	0	0	0	0	0
21258	0	0	0	0	0	0	0	0	0	0	0	0	0	0	0	0
21295	0	0	0	0	0	0	0	0	0	0	0	0	0	0	0	0
21324	0	0	0	0	0	0	0	0	0	0	0	0	0	0	0	0
21362	0	0	0	0	0	0	0	0	0	0	0	0	0	0	0	0
21391	0	0	0	0	0	0	0	0	0	0	0	0	0	0	0	0
21429	0	0	0	0	0	0	0	0	0	0	0	0	0	0	0	0
21458	0	0	0	0	0	0	0	0	0	0	0	0	0	0	0	0
21491	0	0	0	0	0	0	0	0	0	0	0	0	0	0	0	0
21527	0	0	0	0	0	0	0	0	0	0	0	0	0	0	0	0
21561	0	0	0	0	0	0	0	0	0	0	0	0	0	0	0	0
21590	0	0	0	0	0	0	0	0	0	0	0	0	0	0	0	0
21628	0	0	0	0	0	0	0	0	0	0	0	0	0	0	0	0
21658	0	0	0	0	0	0	0	0	0	0	0	0	0	0	0	0
21696	0	0	0	0	0	0	0	0	0	0	0	0	0	0	0	0
21724	0	0	0	0	0	0	0	0	0	0	0	0	0	0	0	0
21760	0	0	0	0	0	0	0	0	0	0	0	0	0	0	0	0
21790	0	0	0	0	0	0	0	0	0	0	0	0	0	0	0	0
21825	0	0	0	0	0	0	0	0	0	0	0	0	0	0	0	0
21862	0	0	0	0	0	0	0	0	0	0	0	0	0	0	0	0
21890	0	0	0	0	0	0	0	0	0	0	0	0	0	0	0	0
21927	0	0	0	0	0	0	0	0	0	0	0	0	0	0	0	0
21957	0	0	0	0	0	0	0	0	0	0	0	0	0	0	0	0
21990	0	0	0	0	0	0	0	0	0	0	0	0	0	0	0	0
22025	0	0	0	0	0	0	0	0	0	0	0	0	0	0	0	0
22062	0	0	0	0	0	0	0	0	0	0	0	0	0	0	0	0
22092	0	0	0	0	0	0	0	0	0	0	0	0	0	0	0	0
22128	0	0	0	0	0	0	1	1	0	0	0	0	0	0	0	0
22161	0	0	0	0	0	0	1	1	0	0	0	0	0	0	0	0
22190	0	0	0	0	0	0	1	1	0	0	0	0	0	0	0	0
22226	0	0	0	0	0	0	1	1	0	0	0	0	0	0	0	0
22262	0	0	0	0	0	0	0	0	0	0	0	0	0	0	0	0
22294	0	0	0	0	0	0	0	0	0	0	0	0	0	0	0	0
22324	0	0	0	0	0	0	0	0	0	0	0	0	0	0	0	0
22357	0	0	0	0	0	0	0	0	0	0	0	0	0	0	0	0
22391	0	0	0	0	0	0	0	0	0	0	0	0	0	0	0	0
22424	0	0	0	0	0	0	0	0	0	0	0	0	0	0	0	0
22457	0	0	0	0	0	0	0	0	0	0	0	0	0	0	0	0
22491	0	0	0	0	0	0	0	0	0	0	0	0	0	0	0	0
22524	0	0	0	0	0	0	0	0	0	0	0	0	0	0	0	0
22557	0	0	0	0	0	0	0	0	0	0	0	0	0	0	0	0
22596	0	0	0	0	0	0	0	0	0	0	0	0	0	0	0	0
22624	0	0	0	0	0	0	0	0	0	0	0	0	0	0	0	0
22662	0	0	0	0	0	0	0	0	0	0	0	0	0	0	0	0
22695	0	0	0	0	0	0	0	0	0	0	0	0	0	0	0	0
22729	0	0	0	0	0	0	0	0	0	0	0	0	0	0	0	0
22762	0	0	0	0	0	0	0	0	0	0	0	0	0	0	0	0
22795	0	0	0	0	0	0	0	0	0	0	0	0	0	0	0	0
22825	0	0	0	0	0	0	0	0	0	0	0	0	0	0	0	0
22862	0	0	0	0	0	0	0	0	0	0	0	0	0	0	0	0
22897	0	0	0	0	0	0	0	0	0	0	0	0	0	0	0	0
22929	0	0	0	0	0	0	0	0	0	0	0	0	0	0	0	0
22962	0	0	0	0	0	0	0	0	0	0	0	0	0	0	0	0
22994	0	0	0	0	0	0	0	0	0	0	0	0	0	0	0	0
23028	0	0	0	0	0	0	0	0	0	0	0	0	0	0	0	0
23061	0	0	0	0	0	0	0	0	0	0	0	0	0	0	0	0
23095	0	0	0	0	0	0	0	0	0	0	0	0	0	0	0	0
23128	0	0	0	0	0	0	0	0	0	0	0	0	0	0	0	0
23162	0	0	0	0	0	0	0	0	0	0	0	0	0	0	0	0
23196	0	0	0	0	0	0	0	0	0	0	0	0	0	0	0	0
23228	0	0	0	0	0	0	0	0	0	0	0	0	0	0	0	0
23261	0	0	0	0	0	0	0	0	0	0	0	0	0	0	0	0
23294	0	0	0	0	0	0	0	0	0	0	0	0	0	0	0	0
23327	0	0	0	0	0	0	0	0	0	0	0	0	0	0	0	0
23360	0	0	0	0	0	0	0	0	0	0	0	0	0	0	0	0
23393	0	0	0	0	0	0	0	0	0	0	0	0	0	0	0	0
23429	0	0	0	0	0	0	0	0	0	0	0	0	0	0	0	0
23460	0	0	0	0	0	0	0	0	0	0	0	0	0	0	0	0
23494	0	0	0	0	0	0	0	0	0	0	0	0	0	0	0	0
23528	0	0	0	0	0	0	0	0	0	0	0	0	0	0	0	0
23562	0	0	0	0	0	0	0	0	0	0	0	0	0	0	0	0
23593	0	0	0	0	0	0	0	0	0	0	0	0	0	0	0	0
23628	0	0	0	0	0	0	0	0	0	0	0	0	0	0	0	0
23660	0	0	0	0	0	0	0	0	0	0	0	0	0	0	0	0
23694	0	0	0	0	0	0	0	0	0	0	0	0	0	0	0	0
23726	0	0	0	0	0	0	0	0	0	0	0	0	0	0	0	0
23759	0	0	0	0	0	0	0	0	0	0	0	0	0	0	0	0
23792	0	0	0	0	0	0	0	0	0	0	0	0	0	0	0	0
23827	0	0	0	0	0	0	0	0	0	0	0	0	0	0	0	0
23859	0	0	0	0	0	0	0	0	0	0	0	0	0	0	0	0
23893	0	0	0	0	0	0	0	0	0	0	0	0	0	0	0	0
23926	0	0	0	0	0	0	0	0	0	0	0	0	0	0	0	0
23959	0	0	0	0	0	0	0	0	0	0	0	0	0	0	0	0
23994	0	0	0	0	0	0	0	0	0	0	0	0	0	0	0	0
24026	0	0	0	0	0	0	0	0	0	0	0	0	0	0	0	0
24059	0	0	0	0	0	0	0	0	0	0	0	0	0	0	0	0
24091	0	0	0	0	0	0	0	0	0	0	0	0	0	0	0	0
24126	0	0	0	0	0	0	0	0	0	0	0	0	0	0	0	0
24158	0	0	0	0	0	0	0	0	0	0	0	0	0	0	0	0
24192	0	0	0	0	0	0	0	0	0	0	0	0	0	0	0	0
24225	0	0	0	0	0	0	0	0	0	0	0	0	0	0	0	0
24260	0	0	0	0	0	0	0	0	0	0	0	0	0	0	0	0
24292	0	0	0	0	0	0	0	0	0	0	0	0	0	0	0	0
24325	0	0	0	0	0	0	0	0	0	0	0	0	0	0	0	0
24358	0	0	0	0	0	0	0	0	0	0	0	0	0	0	0	0
24391	0	0	0	0	0	0	0	0	0	0	0	0	0	0	0	0
24424	0	0	0	0	0	0	0	0	0	0	0	0	0	0	0	0
24458	0	0	0	0	0	0	0	0	0	0	0	0	0	0	0	0
24491	0	0	0	0	0	0	0	0	0	0	0	0	0	0	0	0
24526	0	0	0	0	0	0	0	0	0	0	0	0	0	0	0	0
24557	0	0	0	0	0	0	0	0	0	0	0	0	0	0	0	0
24591	0	0	0	0	0	0	0	0	0	0	0	0	0	0	0	0
24624	0	0	0	0	0	0	0	0	0	0	0	0	0	0	0	0
24657	0	0	0	0	0	0	0	0	0	0	0	0	0	0	0	0
24696	0	0	0	0	0	0	0	0	0	0	0	0	0	0	0	0
24725	0	0	0	0	0	0	0	0	0	0	0	0	0	0	0	0
24757	0	0	0	0	0	0	0	0	0	0	0	0	0	0	0	0
24793	0	0	0	0	0	0	0	0	0	0	0	0	0	0	0	0
24824	0	0	0	0	0	0	0	0	0	0	0	0	0	0	0	0
24858	0	0	0	0	0	0	0	0	0	0	0	0	0	0	0	0
24896	0	0	0	0	0	0	0	0	0	0	0	0	0	0	0	0
24925	0	0	0	0	0	0	0	0	0	0	0	0	0	0	0	0
24962	0	0	0	0	0	0	0	0	0	0	0	0	0	0	0	0
24990	0	0	0	0	0	0	0	0	0	0	0	0	0	0	0	0
25026	0	0	0	0	0	0	0	0	0	0	0	0	0	0	0	0
25057	0	0	0	0	0	0	0	0	0	0	0	0	0	0	0	0
25093	0	0	0	0	0	0	0	0	0	0	0	0	0	0	0	0
25128	0	0	0	0	0	0	0	0	0	0	0	0	0	0	0	0
25157	0	0	0	0	0	0	0	0	0	0	0	0	0	0	0	0
25193	0	0	0	0	0	0	0	0	0	0	0	0	0	0	0	0
25229	0	0	0	0	0	0	0	0	0	0	0	0	0	0	0	0
25257	0	0	0	0	0	0	0	0	0	0	0	0	0	0	0	0
25295	0	0	0	0	0	0	0	0	0	0	0	0	0	0	0	0
25323	0	0	0	0	0	0	0	0	0	0	0	0	0	0	0	0
25362	0	0	0	0	0	0	0	0	0	0	0	0	0	0	0	0
25390	0	0	0	0	0	0	0	0	0	0	0	0	0	0	0	0
25425	0	0	0	0	0	0	0	0	0	0	0	0	0	0	0	0
25457	0	0	0	0	0	0	0	0	0	0	0	0	0	0	0	0
25497	0	0	0	0	0	0	0	0	0	0	0	0	0	0	0	0
25523	0	0	0	0	0	0	0	0	0	0	0	0	0	0	0	0
25562	0	0	0	0	0	0	0	0	0	0	0	0	0	0	0	0
25593	0	0	0	0	0	0	0	0	0	0	0	0	0	0	0	0
25623	0	0	0	0	0	0	0	0	0	0	0	0	0	0	0	0
25658	0	0	0	0	0	0	0	0	0	0	0	0	0	0	0	0
25692	0	0	0	0	0	0	0	0	0	0	0	0	0	0	0	0
25729	0	0	0	0	0	0	0	0	0	0	0	0	0	0	0	0
25758	0	0	0	0	0	0	0	0	0	0	0	0	0	0	0	0
25795	0	0	0	0	0	0	0	0	0	0	0	0	0	0	0	0
25827	0	0	0	0	0	0	0	0	0	0	0	0	0	0	0	0
25861	0	0	0	0	0	0	0	0	0	0	0	0	0	0	0	0
25895	0	0	0	0	0	0	0	0	0	0	0	0	0	0	0	0
25925	0	0	0	0	0	0	0	0	0	0	0	0	0	0	0	0
25960	0	0	0	0	0	0	0	0	0	0	0	0	0	0	0	0
25994	0	0	0	0	0	0	0	0	0	0	0	0	0	0	0	0
26026	0	0	0	0	0	0	0	0	0	0	0	0	0	0	0	0
26061	0	0	0	0	0	0	0	0	0	0	0	0	0	0	0	0
26094	0	0	0	0	0	0	0	0	0	0	0	0	0	0	0	0
26124	0	0	0	0	0	0	0	0	0	0	0	0	0	0	0	0
26161	0	0	0	0	0	0	0	0	0	0	0	0	0	0	0	0
26195	0	0	0	0	0	0	0	0	0	0	0	0	0	0	0	0
26224	0	0	0	0	0	0	0	0	0	0	0	0	0	0	0	0
26261	0	0	0	0	0	0	0	0	0	0	0	0	0	0	0	0
26294	0	0	0	0	0	0	0	0	0	0	0	0	0	0	0	0
26329	0	0	0	0	0	0	0	0	0	0	0	0	0	0	0	0
26361	0	0	0	0	0	0	0	0	0	0	0	0	0	0	0	0
26391	0	0	0	0	0	0	0	0	0	0	0	0	0	0	0	0
26428	0	0	0	0	0	0	0	0	0	0	0	0	0	0	0	0
26462	0	0	0	0	0	0	0	0	0	0	0	0	0	0	0	0
26494	0	0	0	0	0	0	0	0	0	0	0	0	0	0	0	0
26528	0	0	0	0	0	0	0	0	0	0	0	0	0	0	0	0
26561	0	0	0	0	0	0	0	0	0	0	0	0	0	0	0	0
26593	0	0	0	0	0	0	0	0	0	0	0	0	0	0	0	0
26625	0	0	0	0	0	0	0	0	0	0	0	0	0	0	0	0
26660	0	0	0	0	0	0	1	1	0	0	0	0	0	0	0	0
26693	0	0	0	0	0	0	1	1	0	0	0	0	0	0	0	0
26725	0	0	0	0	0	0	1	1	0	0	0	0	0	0	0	0
26760	0	0	0	0	0	0	0	0	0	0	0	0	0	0	0	0
26793	0	0	0	0	0	0	0	0	0	0	0	0	0	0	0	0
26827	0	0	0	0	0	0	0	0	0	0	0	0	0	0	0	0
26860	0	0	0	0	0	0	0	0	0	0	0	0	0	0	0	0
26893	0	0	0	0	0	0	0	0	0	0	0	0	0	0	0	0
26927	0	0	0	0	0	0	0	0	0	0	0	0	0	0	0	0
26960	0	0	0	0	0	0	0	0	0	0	0	0	0	0	0	0
26993	0	0	0	0	0	0	0	0	0	0	0	0	0	0	0	0
27026	0	0	0	0	0	0	0	0	0	0	0	0	0	0	0	0
27059	0	0	0	0	0	0	0	0	0	0	0	0	0	0	0	0
27093	0	0	0	0	0	0	0	0	0	0	0	0	0	0	0	0
27126	0	0	0	0	0	0	0	0	0	0	0	0	0	0	0	0
27160	0	0	0	0	0	0	0	0	0	0	0	0	0	0	0	0
27192	0	0	0	0	0	0	0	0	0	0	0	0	0	0	0	0
27227	0	0	0	0	0	0	0	0	0	0	0	0	0	0	0	0
27257	0	0	0	0	0	0	0	0	0	0	0	0	0	0	0	0
27293	0	0	0	0	0	0	0	0	0	0	0	0	0	0	0	0
27326	0	0	0	0	0	0	0	0	0	0	0	0	0	0	0	0
27359	0	0	0	0	0	0	0	0	0	0	0	0	0	0	0	0
27392	0	0	0	0	0	0	0	0	0	0	0	0	0	0	0	0
27426	0	0	0	0	0	0	0	0	0	0	0	0	0	0	0	0
27461	0	0	0	0	0	0	0	0	0	0	0	0	0	0	0	0
27494	0	0	0	0	0	0	0	0	0	0	0	0	0	0	0	0
27527	0	0	0	0	0	0	0	0	0	0	0	0	0	0	0	0
27560	0	0	0	0	0	0	0	0	0	0	0	0	0	0	0	0
27593	0	0	0	0	0	0	0	0	0	0	0	0	0	0	0	0
27627	0	0	0	0	0	0	0	0	0	0	0	0	0	0	0	0
27658	0	0	0	0	0	0	0	0	0	0	0	0	0	0	0	0
27692	0	0	0	0	0	0	0	0	0	0	0	0	0	0	0	0
27725	0	0	0	0	0	0	0	0	0	0	0	0	0	0	0	0
27757	0	0	0	0	0	0	0	0	0	0	0	0	0	0	0	0
27791	0	0	0	0	0	0	0	0	0	0	0	0	0	0	0	0
27825	0	0	0	0	0	0	0	0	0	0	0	0	0	0	0	0
27857	0	0	0	0	0	0	0	0	0	0	0	0	0	0	0	0
27890	0	0	0	0	0	0	0	0	0	0	0	0	0	0	0	0
27923	0	0	0	0	0	0	0	0	0	0	0	0	0	0	0	0
27957	0	0	0	0	0	0	0	0	0	0	0	0	0	0	0	0
27990	0	0	0	0	0	0	0	0	0	0	0	0	0	0	0	0
28024	0	0	0	0	0	0	0	0	0	0	0	0	0	0	0	0
28057	0	0	0	0	0	0	0	0	0	0	0	0	0	0	0	0
28095	0	0	0	0	0	0	0	0	0	0	0	0	0	0	0	0
28124	0	0	0	0	0	0	0	0	0	0	0	0	0	0	0	0
28162	0	0	0	0	0	0	0	0	0	0	0	0	0	0	0	0
28191	0	0	0	0	0	0	0	0	0	0	0	0	0	0	0	0
28225	0	0	0	0	0	0	0	0	0	0	0	0	0	0	0	0
28257	0	0	0	0	0	0	0	0	0	0	0	0	0	0	0	0
28290	0	0	0	0	0	0	0	0	0	0	0	0	0	0	0	0
28327	0	0	0	0	0	0	0	0	0	0	0	0	0	0	0	0
28357	0	0	0	0	0	0	0	0	0	0	0	0	0	0	0	0
28394	0	0	0	0	0	0	0	0	0	0	0	0	0	0	0	0
28425	0	0	0	0	0	0	0	0	0	0	0	0	0	0	0	0
28457	0	0	0	0	0	0	0	0	0	0	0	0	0	0	0	0
28495	0	0	0	0	0	0	0	0	0	0	0	0	0	0	0	0
28530	0	0	0	0	0	0	0	0	0	0	0	0	0	0	0	0
28560	0	0	0	0	0	0	0	0	0	0	0	0	0	0	0	0
28593	0	0	0	0	0	0	0	0	0	0	0	0	0	0	0	0
28626	0	0	0	0	0	0	0	0	0	0	0	0	0	0	0	0
28660	0	0	0	0	0	0	0	0	0	0	0	0	0	0	0	0
28693	0	0	0	0	0	0	0	0	0	0	0	0	0	0	0	0
28729	0	0	0	0	0	0	0	0	0	0	0	0	0	0	0	0
28758	0	0	0	0	0	0	0	0	0	0	0	0	0	0	0	0
28794	0	0	0	0	0	0	0	0	0	0	0	0	0	0	0	0
28825	0	0	0	0	0	0	0	0	0	0	0	0	0	0	0	0
28857	0	0	0	0	0	0	0	0	0	0	0	0	0	0	0	0
28893	0	0	0	0	0	0	0	0	0	0	0	0	0	0	0	0
28929	0	0	0	0	0	0	0	0	0	0	0	0	0	0	0	0
28959	0	0	0	0	0	0	0	0	0	0	0	0	0	0	0	0
28992	0	0	0	0	0	0	0	0	0	0	0	0	0	0	0	0
29025	0	0	0	0	0	0	0	0	0	0	0	0	0	0	0	0
29058	0	0	0	0	0	0	0	0	0	0	0	0	0	0	0	0
29090	0	0	0	0	0	0	0	0	0	0	0	0	0	0	0	0
29123	0	0	0	0	0	0	0	0	0	0	0	0	0	0	0	0
29162	0	0	0	0	0	0	0	0	0	0	0	0	0	0	0	0
29190	0	0	0	0	0	0	0	0	0	0	0	0	0	0	0	0
29225	0	0	0	0	0	0	0	0	0	0	0	0	0	0	0	0
29258	0	0	0	0	0	0	0	0	0	0	0	0	0	0	0	0
29293	0	0	0	0	0	0	0	0	0	0	0	0	0	0	0	0
29324	0	0	0	0	0	0	0	0	0	0	0	0	0	0	0	0
29358	0	0	0	0	0	0	0	0	0	0	0	0	0	0	0	0
29391	0	0	0	0	0	0	0	0	0	0	0	0	0	0	0	0
29428	0	0	0	0	0	0	0	0	0	0	0	0	0	0	0	0
29458	0	0	0	0	0	0	0	0	0	0	0	0	0	0	0	0
29491	0	0	0	0	0	0	0	0	0	0	0	0	0	0	0	0
29524	0	0	0	0	0	0	0	0	0	0	0	0	0	0	0	0
29560	0	0	0	0	0	0	1	0	0	0	0	0	0	0	0	0
29593	0	0	0	0	0	0	1	0	0	0	0	0	0	0	0	0
29625	0	0	0	0	0	0	1	0	0	0	0	0	0	0	0	0
29661	0	0	0	0	0	0	0	0	0	0	0	0	0	0	0	0
29691	0	0	0	0	0	0	0	0	0	0	0	0	0	0	0	0
29729	0	0	0	0	0	0	0	0	0	0	0	0	0	0	0	0
29761	0	0	0	0	0	0	0	0	0	0	0	0	0	0	0	0
29795	0	0	0	0	0	0	0	0	0	0	0	0	0	0	0	0
29828	0	0	0	0	0	0	0	0	0	0	0	0	0	0	0	0
29861	0	0	0	0	0	0	0	0	0	0	0	0	0	0	0	0
29895	0	0	0	0	0	0	0	0	0	0	0	0	0	0	0	0
29928	0	0	0	0	0	0	0	0	0	0	0	0	0	0	0	0
29961	0	0	0	0	0	0	0	0	0	0	0	0	0	0	0	0
29994	0	0	0	0	0	0	0	0	0	0	0	0	0	0	0	0
30028	0	0	0	0	0	0	0	0	0	0	0	0	0	0	0	0
30061	0	0	0	0	0	0	0	0	0	0	0	0	0	0	0	0
30094	0	0	0	0	0	0	0	0	0	0	0	0	0	0	0	0
30127	0	0	0	0	0	0	0	0	0	0	0	0	0	0	0	0
30161	0	0	0	0	0	0	0	0	0	0	0	0	0	0	0	0
30195	0	0	0	0	0	0	0	0	0	0	0	0	0	0	0	0
30228	0	0	0	0	0	0	0	0	0	0	0	0	0	0	0	0
30261	0	0	0	0	0	0	0	0	0	0	0	0	0	0	0	0
30294	0	0	0	0	0	0	0	0	0	0	0	0	0	0	0	0
30327	0	0	0	0	0	0	0	0	0	0	0	0	0	0	0	0
30361	0	0	0	0	0	0	0	0	0	0	0	0	0	0	0	0
30393	0	0	0	0	0	0	0	0	0	0	0	0	0	0	0	0
30427	0	0	0	0	0	0	0	0	0	0	0	0	0	0	0	0
30462	0	0	0	0	0	0	0	0	0	0	0	0	0	0	0	0
30493	0	0	0	0	0	0	0	0	0	0	0	0	0	0	0	0
30529	0	0	0	0	0	0	0	0	0	0	0	0	0	0	0	0
30560	0	0	0	0	0	0	0	0	0	0	0	0	0	0	0	0
30593	0	0	0	0	0	0	0	0	0	0	0	0	0	0	0	0
30626	0	0	0	0	0	0	0	0	0	0	0	0	0	0	0	0
30660	0	0	0	0	0	0	0	0	0	0	0	0	0	0	0	0
30693	0	0	0	0	0	0	0	0	0	0	0	0	0	0	0	0
30726	0	0	0	0	0	0	0	0	0	0	0	0	0	0	0	0
30759	0	0	0	0	0	0	0	0	0	0	0	0	0	0	0	0
30793	0	0	0	0	0	0	0	0	0	0	0	0	0	0	0	0
30827	0	0	0	0	0	0	0	0	0	0	0	0	0	0	0	0
30859	0	0	0	0	0	0	0	0	0	0	0	0	0	0	0	0
30892	0	0	0	0	0	0	0	0	0	0	0	0	0	0	0	0
30926	0	0	0	0	0	0	0	0	0	0	0	0	0	0	0	0
30959	0	0	0	0	0	0	0	0	0	0	0	0	0	0	0	0
30992	0	0	0	0	0	0	0	0	0	0	0	0	0	0	0	0
31025	0	0	0	0	0	0	0	0	0	0	0	0	0	0	0	0
31059	0	0	0	0	0	0	0	0	0	0	0	0	0	0	0	0
31092	0	0	0	0	0	0	0	0	0	0	0	0	0	0	0	0
31125	0	0	0	0	0	0	0	0	0	0	0	0	0	0	0	0
31158	0	0	0	0	0	0	0	0	0	0	0	0	0	0	0	0
31192	0	0	0	0	0	0	0	0	0	0	0	0	0	0	0	0
31225	0	0	0	0	0	0	0	0	0	0	0	0	0	0	0	0
31257	0	0	0	0	0	0	0	0	0	0	0	0	0	0	0	0
31292	0	0	0	0	0	0	0	0	0	0	0	0	0	0	0	0
31325	0	0	0	0	0	0	0	0	0	0	0	0	0	0	0	0
31358	0	0	0	0	0	0	0	0	0	0	0	0	0	0	0	0
31391	0	0	0	0	0	0	0	0	0	0	0	0	0	0	0	0
31424	0	0	0	0	0	0	0	0	0	0	0	0	0	0	0	0
31459	0	0	0	0	0	0	0	0	0	0	0	0	0	0	0	0
31493	0	0	0	0	0	0	0	0	0	0	0	0	0	0	0	0
31524	0	0	0	0	0	0	0	0	0	0	0	0	0	0	0	0
31561	0	0	0	0	0	0	0	0	0	0	0	0	0	0	0	0
31591	0	0	0	0	0	0	0	0	0	0	0	0	0	0	0	0
31624	0	0	0	0	0	0	0	0	0	0	0	0	0	0	0	0
31657	0	0	0	0	0	0	0	0	0	0	0	0	0	0	0	0
31691	0	0	0	0	0	0	0	0	0	0	0	0	0	0	0	0
31729	0	0	0	0	0	0	0	0	0	0	0	0	0	0	0	0
31757	0	0	0	0	0	0	0	0	0	0	0	0	0	0	0	0
31796	0	0	0	0	0	0	0	0	0	0	0	0	0	0	0	0
31825	0	0	0	0	0	0	0	0	0	0	0	0	0	0	0	0
31857	0	0	0	0	0	0	0	0	0	0	0	0	0	0	0	0
31896	0	0	0	0	0	0	0	0	0	0	0	0	0	0	0	0
31926	0	0	0	0	0	0	0	0	0	0	0	0	0	0	0	0
31957	0	0	0	0	0	0	0	0	0	0	0	0	0	0	0	0
31993	0	0	0	0	0	0	0	0	0	0	0	0	0	0	0	0
32027	0	0	0	0	0	0	0	0	0	0	0	0	0	0	0	0
32057	0	0	0	0	0	0	0	0	0	0	0	0	0	0	0	0
32095	0	0	0	0	0	0	0	0	0	0	0	0	0	0	0	0
32129	0	0	0	0	0	0	0	0	0	0	0	0	0	0	0	0
32157	0	0	0	0	0	0	0	0	0	0	0	0	0	0	0	0
32193	0	0	0	0	0	0	0	0	0	0	0	0	0	0	0	0
32225	0	0	0	0	0	0	0	0	0	0	0	0	0	0	0	0
32261	0	0	0	0	0	0	0	0	0	0	0	0	0	0	0	0
32293	0	0	0	0	0	0	0	0	0	0	0	0	0	0	0	0
32323	0	0	0	0	0	0	0	0	0	0	0	0	0	0	0	0
32362	0	0	0	0	0	0	0	0	0	0	0	0	0	0	0	0
32391	0	0	0	0	0	0	0	0	0	0	0	0	0	0	0	0
32429	0	0	0	0	0	0	0	0	0	0	0	0	0	0	0	0
32462	0	0	0	0	0	0	1	1	0	0	0	0	0	0	0	0
32495	0	0	0	0	0	0	1	1	0	0	0	0	0	0	0	0
32528	0	0	0	0	0	0	1	1	0	0	0	0	0	0	0	0
32561	0	0	0	0	0	0	0	1	0	0	0	0	0	0	0	0
32594	0	0	0	0	0	0	0	0	0	0	0	0	0	0	0	0
32629	0	0	0	0	0	0	0	0	0	0	0	0	0	0	0	0
32662	0	0	0	0	0	0	0	0	0	0	0	0	0	0	0	0
32695	0	0	0	0	0	0	0	0	0	0	0	0	0	0	0	0
32725	0	0	0	0	0	0	0	0	0	0	0	0	0	0	0	0
32762	0	0	0	0	0	0	0	0	0	0	0	0	0	0	0	0
32795	0	0	0	0	0	0	0	0	0	0	0	0	0	0	0	0
32827	0	0	0	0	0	0	0	0	0	0	0	0	0	0	0	0
32860	0	0	0	0	0	0	0	0	0	0	0	0	0	0	0	0
32893	0	0	0	0	0	0	0	0	0	0	0	0	0	0	0	0
32927	0	0	0	0	0	0	0	0	0	0	0	0	0	0	0	0
32961	0	0	0	0	0	0	0	0	0	0	0	0	0	0	0	0
32994	0	0	0	0	0	0	0	0	0	0	0	0	0	0	0	0
33027	0	0	0	0	0	0	0	0	0	0	0	0	0	0	0	0
33061	0	0	0	0	0	0	0	0	0	0	0	0	0	0	0	0
33093	0	0	0	0	0	0	0	0	0	0	0	0	0	0	0	0
33129	0	0	0	0	0	0	0	0	0	0	0	0	0	0	0	0
33163	0	0	0	0	0	0	0	0	0	0	0	0	0	0	0	0
33196	0	0	0	0	0	0	0	0	0	0	0	0	0	0	0	0
33227	0	0	0	0	0	0	0	0	0	0	0	0	0	0	0	0
33261	0	0	0	0	0	0	0	0	0	0	0	0	0	0	0	0
33295	0	0	0	0	0	0	0	0	0	0	0	0	0	0	0	0
33327	0	0	0	0	0	0	0	0	0	0	0	0	0	0	0	0
33361	0	0	0	0	0	0	0	0	0	0	0	0	0	0	0	0
33394	0	0	0	0	0	0	0	0	0	0	0	0	0	0	0	0
33426	0	0	0	0	0	0	0	0	0	0	0	0	0	0	0	0
33457	0	0	0	0	0	0	0	0	0	0	0	0	0	0	0	0
33493	0	0	0	0	0	0	0	0	0	0	0	0	0	0	0	0
33527	0	0	0	0	0	0	0	0	0	0	0	0	0	0	0	0
33560	0	0	0	0	0	0	0	0	0	0	0	0	0	0	0	0
33592	0	0	0	0	0	0	0	0	0	0	0	0	0	0	0	0
33626	0	0	0	0	0	0	0	0	0	0	0	0	0	0	0	0
33658	0	0	0	0	0	0	0	0	0	0	0	0	0	0	0	0
33692	0	0	0	0	0	0	0	0	0	0	0	0	0	0	0	0
33727	0	0	0	0	0	0	0	0	0	0	0	0	0	0	0	0
33760	0	0	0	0	0	0	0	0	0	0	0	0	0	0	0	0
33792	0	0	0	0	0	0	0	0	0	0	0	0	0	0	0	0
33825	0	0	0	0	0	0	0	0	0	0	0	0	0	0	0	0
33858	0	0	0	0	0	0	0	0	0	0	0	0	0	0	0	0
33893	0	0	0	0	0	0	0	0	0	0	0	0	0	0	0	0
33924	0	0	0	0	0	0	0	0	0	0	0	0	0	0	0	0
33959	0	0	0	0	0	0	0	0	0	0	0	0	0	0	0	0
33992	0	0	0	0	0	0	0	0	0	0	0	0	0	0	0	0
34026	0	0	0	0	0	0	0	0	0	0	0	0	0	0	0	0
34059	0	0	0	0	0	0	0	0	0	0	0	0	0	0	0	0
34092	0	0	0	0	0	0	0	0	0	0	0	0	0	0	0	0
34125	0	0	0	0	0	0	0	0	0	0	0	0	0	0	0	0
34162	0	0	0	0	0	0	0	0	0	0	0	0	0	0	0	0
34191	0	0	0	0	0	0	0	0	0	0	0	0	0	0	0	0
34224	0	0	0	0	0	0	0	0	0	0	0	0	0	0	0	0
34257	0	0	0	0	0	0	0	0	0	0	0	0	0	0	0	0
34291	0	0	0	0	0	0	0	0	0	0	0	0	0	0	0	0
34325	0	0	0	0	0	0	0	0	0	0	0	0	0	0	0	0
34358	0	0	0	0	0	0	0	0	0	0	0	0	0	0	0	0
34390	0	0	0	0	0	0	0	0	0	0	0	0	0	0	0	0
34425	0	0	0	0	0	0	0	0	0	0	0	0	0	0	0	0
34458	0	0	0	0	0	0	0	0	0	0	0	0	0	0	0	0
34495	0	0	0	0	0	0	0	0	0	0	0	0	0	0	0	0
34523	0	0	0	0	0	0	0	0	0	0	0	0	0	0	0	0
34561	0	0	0	0	0	0	0	0	0	0	0	0	0	0	0	0
34591	0	0	0	0	0	0	0	0	0	0	0	0	0	0	0	0
34624	0	0	0	0	0	0	0	0	0	0	0	0	0	0	0	0
34657	0	0	0	0	0	0	0	0	0	0	0	0	0	0	0	0
34691	0	0	0	0	0	0	0	0	0	0	0	0	0	0	0	0
34727	0	0	0	0	0	0	0	0	0	0	0	0	0	0	0	0
34761	0	0	0	0	0	0	0	0	0	0	0	0	0	0	0	0
34792	0	0	0	0	0	0	0	0	0	0	0	0	0	0	0	0
34829	0	0	0	0	0	0	0	0	0	0	0	0	0	0	0	0
34857	0	0	0	0	0	0	0	0	0	0	0	0	0	0	0	0
34891	0	0	0	0	0	0	0	0	0	0	0	0	0	0	0	0
34928	0	0	0	0	0	0	0	0	0	0	0	0	0	0	0	0
34958	0	0	0	0	0	0	0	0	0	0	0	0	0	0	0	0
34990	0	0	0	0	0	0	0	0	0	0	0	0	0	0	0	0
35028	0	0	0	0	0	0	0	0	0	0	0	0	0	0	0	0
35061	0	0	0	0	0	0	0	0	0	0	0	0	0	0	0	0
35091	0	0	0	0	0	0	0	0	0	0	0	0	0	0	0	0
35124	0	0	0	0	0	0	0	0	0	0	0	0	0	0	0	0
35162	0	0	0	0	0	0	0	0	0	0	0	0	0	0	0	0
35191	0	0	0	0	0	0	0	1	0	0	0	0	0	0	0	0
35229	0	0	0	0	0	0	1	1	0	0	0	0	0	0	0	0
35262	0	0	0	0	0	0	1	1	0	0	0	0	0	0	0	0
35293	0	0	0	0	0	0	0	1	0	0	0	0	0	0	0	0
35327	0	0	0	0	0	0	0	0	0	0	0	0	0	0	0	0
35362	0	0	0	0	0	0	0	0	0	0	0	0	0	0	0	0
35393	0	0	0	0	0	0	0	0	0	0	0	0	0	0	0	0
35426	0	0	0	0	0	0	0	0	0	0	0	0	0	0	0	0
35459	0	0	0	0	0	0	0	0	0	0	0	0	0	0	0	0
35495	0	0	0	0	0	0	0	0	0	0	0	0	0	0	0	0
35526	0	0	0	0	0	0	0	0	0	0	0	0	0	0	0	0
35558	0	0	0	0	0	0	0	0	0	0	0	0	0	0	0	0
35593	0	0	0	0	0	0	0	0	0	0	0	0	0	0	0	0
35624	0	0	0	0	0	0	0	0	0	0	0	0	0	0	0	0
35657	0	0	0	0	0	0	0	0	0	0	0	0	0	0	0	0
35690	0	0	0	0	0	0	0	0	0	0	0	0	0	0	0	0
35730	0	0	0	0	0	0	0	0	0	0	0	0	0	0	0	0
35759	0	0	0	0	0	0	0	0	0	0	0	0	0	0	0	0
35791	0	0	0	0	0	0	0	0	0	0	0	0	0	0	0	0
35826	0	0	0	0	0	0	0	0	0	0	0	0	0	0	0	0
35860	0	0	0	0	0	0	0	0	0	0	0	0	0	0	0	0
35894	0	0	0	0	0	0	0	0	0	0	0	0	0	0	0	0
35930	0	0	0	0	0	0	0	0	0	0	0	0	0	0	0	0
35959	0	0	0	0	0	0	0	0	0	0	0	0	0	0	0	0
35993	0	0	0	0	0	0	0	0	0	0	0	0	0	0	0	0
36025	0	0	0	0	0	0	0	0	0	0	0	0	0	0	0	0
36057	0	0	0	0	0	0	0	0	0	0	0	0	0	0	0	0
36094	0	0	0	0	0	0	0	0	0	0	0	0	0	0	0	0
36124	0	0	0	0	0	0	0	0	0	0	0	0	0	0	0	0
36161	0	0	0	0	0	0	0	0	0	0	0	0	0	0	0	0
36192	0	0	0	0	0	0	0	0	0	0	0	0	0	0	0	0
36225	0	0	0	0	0	0	0	0	0	0	0	0	0	0	0	0
36258	0	0	0	0	0	0	0	0	0	0	0	0	0	0	0	0
36291	0	0	0	0	0	0	0	0	0	0	0	0	0	0	0	0
36326	0	0	0	0	0	0	0	0	0	0	0	0	0	0	0	0
36359	0	0	0	0	0	0	0	0	0	0	0	0	0	0	0	0
36391	0	0	0	0	0	0	0	0	0	0	0	0	0	0	0	0
36424	0	0	0	0	0	0	0	0	0	0	0	0	0	0	0	0
36457	0	0	0	0	0	0	0	0	0	0	0	0	0	0	0	0
36490	0	0	0	0	0	0	0	0	0	0	0	0	0	0	0	0
36523	0	0	0	0	0	0	0	0	0	0	0	0	0	0	0	0
36562	0	0	0	0	0	0	0	0	0	0	0	0	0	0	0	0
36595	0	0	0	0	0	0	0	0	0	0	0	0	0	0	0	0
36623	0	0	0	0	0	0	0	0	0	0	0	0	0	0	0	0
36657	0	0	0	0	0	0	0	0	0	0	0	0	0	0	0	0
36690	0	0	0	0	0	0	0	0	0	0	0	0	0	0	0	0
36723	0	0	0	0	0	0	0	0	0	0	0	0	0	0	0	0
36762	0	0	0	0	0	0	0	0	0	0	0	0	0	0	0	0
36794	0	0	0	0	0	0	0	0	0	0	0	0	0	0	0	0
36828	0	0	0	0	0	0	0	0	0	0	0	0	0	0	0	0
36861	0	0	0	0	0	0	0	0	0	0	0	0	0	0	0	0
36895	0	0	0	0	0	0	0	0	0	0	0	0	0	0	0	0
36928	0	0	0	0	0	0	0	0	0	0	0	0	0	0	0	0
36961	0	0	0	0	0	0	0	0	0	0	0	0	0	0	0	0
36994	0	0	0	0	0	0	0	0	0	0	0	0	0	0	0	0
37027	0	0	0	0	0	0	0	0	0	0	0	0	0	0	0	0
37061	0	0	0	0	0	0	0	0	0	0	0	0	0	0	0	0
37094	0	0	0	0	0	0	0	0	0	0	0	0	0	0	0	0
37128	0	0	0	0	0	0	0	0	0	0	0	0	0	0	0	0
37161	0	0	0	0	0	0	0	0	0	0	0	0	0	0	0	0
37194	0	0	0	0	0	0	0	0	0	0	0	0	0	0	0	0
37227	0	0	0	0	0	0	0	0	0	0	0	0	0	0	0	0
37260	0	0	0	0	0	0	0	0	0	0	0	0	0	0	0	0
37294	0	0	0	0	0	0	0	0	0	0	0	0	0	0	0	0
37326	0	0	0	0	0	0	0	0	0	0	0	0	0	0	0	0
37360	0	0	0	0	0	0	0	0	0	0	0	0	0	0	0	0
37394	0	0	0	0	0	0	0	0	0	0	0	0	0	0	0	0
37427	0	0	0	0	0	0	0	0	0	0	0	0	0	0	0	0
37459	0	0	0	0	0	0	0	0	0	0	0	0	0	0	0	0
37493	0	0	0	0	0	0	0	0	0	0	0	0	0	0	0	0
37528	0	0	0	0	0	0	0	0	0	0	0	0	0	0	0	0
37560	0	0	0	0	0	0	0	0	0	0	0	0	0	0	0	0
37593	0	0	0	0	0	0	0	0	0	0	0	0	0	0	0	0
37626	0	0	0	0	0	0	0	0	0	0	0	0	0	0	0	0
37660	0	0	0	0	0	0	0	0	0	0	0	0	0	0	0	0
37693	0	0	0	0	0	0	0	0	0	0	0	0	0	0	0	0
37726	0	0	0	0	0	0	0	0	0	0	0	0	0	0	0	0
37759	0	0	0	0	0	0	0	0	0	0	0	0	0	0	0	0
37793	0	0	0	0	0	0	0	0	0	0	0	0	0	0	0	0
37826	0	0	0	0	0	0	0	0	0	0	0	0	0	0	0	0
37859	0	0	0	0	0	0	0	0	0	0	0	0	0	0	0	0
37892	0	0	0	0	0	0	0	0	0	0	0	0	0	0	0	0
37926	0	0	0	0	0	0	0	0	0	0	0	0	0	0	0	0
37959	0	0	0	0	0	0	0	0	0	0	0	0	0	0	0	0
37992	0	0	0	0	0	0	0	0	0	0	0	0	0	0	0	0
38025	0	0	0	0	0	0	0	0	0	0	0	0	0	0	0	0
38058	0	0	0	0	0	0	0	0	0	0	0	0	0	0	0	0
38092	0	0	0	0	0	0	0	0	0	0	0	0	0	0	0	0
38125	0	0	0	0	0	0	0	0	0	0	0	0	0	0	0	0
38158	0	0	0	0	0	0	0	0	0	0	0	0	0	0	0	0
38191	0	0	0	0	0	0	0	0	0	0	0	0	0	0	0	0
38225	0	0	0	0	0	0	0	0	0	0	0	0	0	0	0	0
38258	0	0	0	0	0	0	0	0	0	0	0	0	0	0	0	0
38291	0	0	0	0	0	0	0	0	0	0	0	0	0	0	0	0
38325	0	0	0	0	0	0	0	0	0	0	0	0	0	0	0	0
38358	0	0	0	0	0	0	0	0	0	0	0	0	0	0	0	0
38391	0	0	0	0	0	0	0	0	0	0	0	0	0	0	0	0
38424	0	0	0	0	0	0	0	0	0	0	0	0	0	0	0	0
38457	0	0	0	0	0	0	0	0	0	0	0	0	0	0	0	0
38491	0	0	0	0	0	0	0	0	0	0	0	0	0	0	0	0
38524	0	0	0	0	0	0	0	0	0	0	0	0	0	0	0	0
38562	0	0	0	0	0	0	0	0	0	0	0	0	0	0	0	0
38590	0	0	0	0	0	0	0	0	0	0	0	0	0	0	0	0
38624	0	0	0	0	0	0	0	0	0	0	0	0	0	0	0	0
38657	0	0	0	0	0	0	0	0	0	0	0	0	0	0	0	0
38690	0	0	0	0	0	0	0	0	0	0	0	0	0	0	0	0
38729	0	0	0	0	0	0	0	0	0	0	0	0	0	0	0	0
38759	0	0	0	0	0	0	0	0	0	0	0	0	0	0	0	0
38791	0	0	0	0	0	0	0	0	0	0	0	0	0	0	0	0
38829	0	0	0	0	0	0	0	0	0	0	0	0	0	0	0	0
38857	0	0	0	0	0	0	0	0	0	0	0	0	0	0	0	0
38891	0	0	0	0	0	0	0	0	0	0	0	0	0	0	0	0
38926	0	0	0	0	0	0	0	0	0	0	0	0	0	0	0	0
38959	0	0	0	0	0	0	0	0	0	0	0	0	0	0	0	0
38991	0	0	0	0	0	0	0	0	0	0	0	0	0	0	0	0
39027	0	0	0	0	0	0	0	0	0	0	0	0	0	0	0	0
39057	0	0	0	0	0	0	0	0	0	0	0	0	0	0	0	0
39095	0	0	0	0	0	0	0	0	0	0	0	0	0	0	0	0
39128	0	0	0	0	0	0	0	0	0	0	0	0	0	0	0	0
39161	0	0	0	0	0	0	0	0	0	0	0	0	0	0	0	0
39194	0	0	0	0	0	0	0	0	0	0	0	0	0	0	0	0
39224	0	0	0	0	0	0	0	0	0	0	0	0	0	0	0	0
39263	0	0	0	0	0	0	0	0	0	0	0	0	0	0	0	0
39290	0	0	0	0	0	0	0	0	0	0	0	0	0	0	0	0
39329	0	0	0	0	0	0	0	0	0	0	0	0	0	0	0	0
39361	0	0	0	0	0	0	0	0	0	0	0	0	0	0	0	0
39396	0	0	0	0	0	0	0	0	0	0	0	0	0	0	0	0
39429	0	0	0	0	0	0	0	0	0	0	0	0	0	0	0	0
39457	0	0	0	0	0	0	0	0	0	0	0	0	0	0	0	0
39496	0	0	0	0	0	0	0	0	0	0	0	0	0	0	0	0
39527	0	0	0	0	0	0	0	0	0	0	0	0	0	0	0	0
39560	0	0	0	0	0	0	0	0	0	0	0	0	0	0	0	0
39593	0	0	0	0	0	0	0	0	0	0	0	0	0	0	0	0
39627	0	0	0	0	0	0	0	0	0	0	0	0	0	0	0	0
39659	0	0	0	0	0	0	0	0	0	0	0	0	0	0	0	0
39694	0	0	0	0	0	0	0	0	0	0	0	0	0	0	0	0
39729	0	0	0	0	0	0	0	0	0	0	0	0	0	0	0	0
39759	0	0	0	0	0	0	0	0	0	0	0	0	0	0	0	0
39792	0	0	0	0	0	0	0	0	0	0	0	0	0	0	0	0
39828	0	0	0	0	0	0	0	0	0	0	0	0	0	0	0	0
39862	0	0	0	0	0	0	0	0	0	0	0	0	0	0	0	0
39894	0	0	0	0	0	0	0	0	0	0	0	0	0	0	0	0
39928	0	0	0	0	0	0	0	0	0	0	0	0	0	0	0	0
39960	0	0	0	0	0	0	0	0	0	0	0	0	0	0	0	0
39993	0	0	0	0	0	0	0	1	0	0	0	0	0	0	0	0
40027	0	0	0	0	0	0	0	1	0	0	0	0	0	0	0	0
40061	0	0	0	0	0	0	0	1	0	0	0	0	0	0	0	0
40094	0	0	0	0	0	0	0	1	0	0	0	0	0	0	0	0
40127	0	0	0	0	0	0	0	1	0	0	0	0	0	0	0	0
40161	0	0	0	0	0	0	0	1	0	0	0	0	0	0	0	0
40194	0	0	0	0	0	0	0	1	0	0	0	0	0	0	0	0
40227	0	0	0	0	0	0	0	1	0	0	0	0	0	0	0	0
40260	0	0	0	0	0	0	0	1	0	0	0	0	0	0	0	0
40294	0	0	0	0	0	0	0	1	0	0	0	0	0	0	0	0
40324	0	0	0	0	0	0	0	1	0	0	0	0	0	0	0	0
40361	0	0	0	0	0	0	0	1	0	0	0	0	0	0	0	0
40393	0	0	0	0	0	0	0	1	0	0	0	0	0	0	0	0
40426	0	0	0	0	0	0	0	0	0	0	0	0	0	0	0	0
40459	0	0	0	0	0	0	0	0	0	0	0	0	0	0	0	0
40494	0	0	0	0	0	0	0	0	0	0	0	0	0	0	0	0
40527	0	0	0	0	0	0	0	0	0	0	0	0	0	0	0	0
40560	0	0	0	0	0	0	0	0	0	0	0	0	0	0	0	0
40593	0	0	0	0	0	0	0	0	0	0	0	0	0	0	0	0
40626	0	0	0	0	0	0	0	0	0	0	0	0	0	0	0	0
40659	0	0	0	0	0	0	0	0	0	0	0	0	0	0	0	0
40692	0	0	0	0	0	0	0	0	0	0	0	0	0	0	0	0
40725	0	0	0	0	0	0	0	0	0	0	0	0	0	0	0	0
40758	0	0	0	0	0	0	0	0	0	0	0	0	0	0	0	0
40796	0	0	0	0	0	0	0	0	0	0	0	0	0	0	0	0
40826	0	0	0	0	0	0	0	1	0	0	0	0	0	0	0	0
40860	0	0	0	0	0	0	0	1	0	0	0	0	0	0	0	0
40893	0	0	0	0	0	0	0	1	0	0	0	0	0	0	0	0
40926	0	0	0	0	0	0	0	1	0	0	0	0	0	0	0	0
40959	0	0	0	0	0	0	0	1	0	0	0	0	0	0	0	0
40993	0	0	0	0	0	0	0	1	0	0	0	0	0	0	0	0
41026	0	0	0	0	0	0	0	1	0	0	0	0	0	0	0	0
41059	0	0	0	0	0	0	0	1	0	0	0	0	0	0	0	0
41092	0	0	0	0	0	0	0	1	0	0	0	0	0	0	0	0
41125	0	0	0	0	0	0	0	1	0	0	0	0	0	0	0	0
41158	0	0	0	0	0	0	0	1	0	0	0	0	0	0	0	0
41196	0	0	0	0	0	0	0	1	0	0	0	0	0	0	0	0
41225	0	0	0	0	0	0	0	1	0	0	0	0	0	0	0	0
41259	0	0	0	0	0	0	0	1	0	0	0	0	0	0	0	0
41292	0	0	0	0	0	0	0	1	0	0	0	0	0	0	0	0
41329	0	0	0	0	0	0	0	0	0	0	0	0	0	0	0	0
41359	0	0	0	0	0	0	0	0	0	0	0	0	0	0	0	0
41391	0	0	0	0	0	0	0	0	0	0	0	0	0	0	0	0
41424	0	0	0	0	0	0	0	0	0	0	0	0	0	0	0	0
41458	0	0	0	0	0	0	0	0	0	0	0	0	0	0	0	0
41491	0	0	0	0	0	0	0	0	0	0	0	0	0	0	0	0
41524	0	0	0	0	0	0	0	0	0	0	0	0	0	0	0	0
41557	0	0	0	0	0	0	0	0	0	0	0	0	0	0	0	0
41591	0	0	0	0	0	0	0	0	0	0	0	0	0	0	0	0
41624	0	0	0	0	0	0	0	0	0	0	0	0	0	0	0	0
41657	0	0	0	0	0	0	0	0	0	0	0	0	0	0	0	0
41691	0	0	0	0	0	0	0	0	0	0	0	0	0	0	0	0
41724	0	0	0	0	0	0	0	0	0	0	0	0	0	0	0	0
41758	0	0	0	0	0	0	0	0	0	0	0	0	0	0	0	0
41791	0	0	0	0	0	0	0	0	0	0	0	0	0	0	0	0
41824	0	0	0	0	0	0	0	0	0	0	0	0	0	0	0	0
41862	0	0	0	0	0	0	0	0	0	0	0	0	0	0	0	0
41894	0	0	0	0	0	0	0	0	0	0	0	0	0	0	0	0
41924	0	0	0	0	0	0	0	0	0	0	0	0	0	0	0	0
41958	0	0	0	0	0	0	0	0	0	0	0	0	0	0	0	0
41990	0	0	0	0	0	0	0	0	0	0	0	0	0	0	0	0
42028	0	0	0	0	0	0	1	0	0	0	0	0	0	0	0	0
42062	0	0	0	0	0	0	1	1	0	0	0	0	0	0	0	0
42091	0	0	0	0	0	0	1	1	0	0	0	0	0	0	0	0
42125	0	0	0	0	0	0	1	1	0	0	0	0	0	0	0	0
42158	0	0	0	0	0	0	0	0	0	0	0	0	0	0	0	0
42191	0	0	0	0	0	0	0	0	0	0	0	0	0	0	0	0
42224	0	0	0	0	0	0	0	0	0	0	0	0	0	0	0	0
42257	0	0	0	0	0	0	0	0	0	0	0	0	0	0	0	0
42294	0	0	0	0	0	0	0	0	0	0	0	0	0	0	0	0
42329	0	0	0	0	0	0	0	0	0	0	0	0	0	0	0	0
42361	0	0	0	0	0	0	0	0	0	0	0	0	0	0	0	0
42391	0	0	0	0	0	0	0	0	0	0	0	0	0	0	0	0
42429	0	0	0	0	0	0	0	0	0	0	0	0	0	0	0	0
42458	0	0	0	0	0	0	0	0	0	0	0	0	0	0	0	0
42495	0	0	0	0	0	0	0	0	0	0	0	0	0	0	0	0
42524	0	0	0	0	0	0	0	0	0	0	0	0	0	0	0	0
42563	0	0	0	0	0	0	0	0	0	0	0	0	0	0	0	0
42592	0	0	0	0	0	0	0	0	0	0	0	0	0	0	0	0
42625	0	0	0	0	0	0	0	0	0	0	0	0	0	0	0	0
42662	0	0	0	0	0	0	0	0	0	0	0	0	0	0	0	0
42691	0	0	0	0	0	0	0	0	0	0	0	0	0	0	0	0
42731	0	0	0	0	0	0	0	0	0	0	0	0	0	0	0	0
42759	0	0	0	0	0	0	0	0	0	0	0	0	0	0	0	0
42790	0	0	0	0	0	0	0	0	0	0	0	0	0	0	0	0
42825	0	0	0	0	0	0	0	0	0	0	0	0	0	0	0	0
42859	0	0	0	0	0	0	0	0	0	0	0	0	0	0	0	0
42896	0	0	0	0	0	0	0	0	0	0	0	0	0	0	0	0
42927	0	0	0	0	0	0	0	0	0	0	0	0	0	0	0	0
42959	0	0	0	0	0	0	0	0	0	0	0	0	0	0	0	0
42996	0	0	0	0	0	0	0	0	0	0	0	0	0	0	0	0
43026	0	0	0	0	0	0	0	0	0	0	0	0	0	0	0	0
43061	0	0	0	0	0	0	0	0	0	0	0	0	0	0	0	0
43092	0	0	0	0	0	0	0	0	0	0	0	0	0	0	0	0
43127	0	0	0	0	0	0	0	0	0	0	0	0	0	0	0	0
43161	0	0	0	0	0	0	0	0	0	0	0	0	0	0	0	0
43191	0	0	0	0	0	0	0	0	0	0	0	0	0	0	0	0
43227	0	0	0	0	0	0	0	0	0	0	0	0	0	0	0	0
43258	0	0	0	0	0	0	0	0	0	0	0	0	0	0	0	0
43290	0	0	0	0	0	0	0	0	0	0	0	0	0	0	0	0
43327	0	0	0	0	0	0	0	0	0	0	0	0	0	0	0	0
43362	0	0	0	0	0	0	0	0	0	0	0	0	0	0	0	0
43392	0	0	0	0	0	0	0	0	0	0	0	0	0	0	0	0
43424	0	0	0	0	0	0	0	0	0	0	0	0	0	0	0	0
43463	0	0	0	0	0	0	0	0	0	0	0	0	0	0	0	0
43492	0	0	0	0	0	0	0	0	0	0	0	0	0	0	0	0
43526	0	0	0	0	0	0	0	0	0	0	0	0	0	0	0	0
43562	0	0	0	0	0	0	0	0	0	0	0	0	0	0	0	0
43591	0	0	0	0	0	0	0	0	0	0	0	0	0	0	0	0
43625	0	0	0	0	0	0	0	0	0	0	0	0	0	0	0	0
43658	0	0	0	0	0	0	0	0	0	0	0	0	0	0	0	0
43696	0	0	0	0	0	0	0	0	0	0	0	0	0	0	0	0
43729	0	0	0	0	0	0	0	0	0	0	0	0	0	0	0	0
43762	0	0	0	0	0	0	0	0	0	0	0	0	0	0	0	0
43795	0	0	0	0	0	0	0	0	0	0	0	0	0	0	0	0
43828	0	0	0	0	0	0	0	0	0	0	0	0	0	0	0	0
43862	0	0	0	0	0	0	0	0	0	0	0	0	0	0	0	0
43895	0	0	0	0	0	0	0	0	0	0	0	0	0	0	0	0
43928	0	0	0	0	0	0	0	0	0	0	0	0	0	0	0	0
43961	0	0	0	0	0	0	0	0	0	0	0	0	0	0	0	0
43994	0	0	0	0	0	0	0	0	0	0	0	0	0	0	0	0
44028	0	0	0	0	0	0	0	0	0	0	0	0	0	0	0	0
44062	0	0	0	0	0	0	0	0	0	0	0	0	0	0	0	0
44094	0	0	0	0	0	0	0	0	0	0	0	0	0	0	0	0
44127	0	0	0	0	0	0	0	0	0	0	0	0	0	0	0	0
44161	0	0	0	0	0	0	0	0	0	0	0	0	0	0	0	0
44194	0	0	0	0	0	0	1	1	0	0	0	0	0	0	0	0
44227	0	0	0	0	0	0	1	1	0	0	0	0	0	0	0	0
44261	0	0	0	0	0	0	1	1	0	0	0	0	0	0	0	0
44294	0	0	0	0	0	0	0	0	0	0	0	0	0	0	0	0
44327	0	0	0	0	0	0	0	0	0	0	0	0	0	0	0	0
44360	0	0	0	0	0	0	0	0	0	0	0	0	0	0	0	0
44394	0	0	0	0	0	0	0	0	0	0	0	0	0	0	0	0
44427	0	0	0	0	0	0	0	0	0	0	0	0	0	0	0	0
44460	0	0	0	0	0	0	0	0	0	0	0	0	0	0	0	0
44493	0	0	0	0	0	0	0	0	0	0	0	0	0	0	0	0
44527	0	0	0	0	0	0	0	0	0	0	0	0	0	0	0	0
44561	0	0	0	0	0	0	0	0	0	0	0	0	0	0	0	0
44594	0	0	0	0	0	0	0	0	0	0	0	0	0	0	0	0
44627	0	0	0	0	0	0	0	0	0	0	0	0	0	0	0	0
44660	0	0	0	0	0	0	0	0	0	0	0	0	0	0	0	0
44693	0	0	0	0	0	0	0	0	0	0	0	0	0	0	0	0
44726	0	0	0	0	0	0	0	0	0	0	0	0	0	0	0	0
44760	0	0	0	0	0	0	0	0	0	0	0	0	0	0	0	0
44793	0	0	0	0	0	0	0	0	0	0	0	0	0	0	0	0
44827	0	0	0	0	0	0	0	0	0	0	0	0	0	0	0	0
44862	0	0	0	0	0	0	0	0	0	0	0	0	0	0	0	0
44894	0	0	0	0	0	0	0	0	0	0	0	0	0	0	0	0
44926	0	0	0	0	0	0	0	0	0	0	0	0	0	0	0	0
44959	0	0	0	0	0	0	0	0	0	0	0	0	0	0	0	0
44992	0	0	0	0	0	0	0	0	0	0	0	0	0	0	0	0
45025	0	0	0	0	0	0	0	0	0	0	0	0	0	0	0	0
45062	0	0	0	0	0	0	0	0	0	0	0	0	0	0	0	0
45092	0	0	0	0	0	0	0	0	0	0	0	0	0	0	0	0
45127	0	0	0	0	0	0	0	0	0	0	0	0	0	0	0	0
45161	0	0	0	0	0	0	0	0	0	0	0	0	0	0	0	0
45192	0	0	0	0	0	0	0	0	0	0	0	0	0	0	0	0
45225	0	0	0	0	0	0	0	0	0	0	0	0	0	0	0	0
45258	0	0	0	0	0	0	0	0	0	0	0	0	0	0	0	0
45296	0	0	0	0	0	0	0	0	0	0	0	0	0	0	0	0
45325	0	0	0	0	0	0	0	0	0	0	0	0	0	0	0	0
45358	0	0	0	0	0	0	0	0	0	0	0	0	0	0	0	0
45395	0	0	0	0	0	0	0	0	0	0	0	0	0	0	0	0
45428	0	0	0	0	0	0	0	0	0	0	0	0	0	0	0	0
45459	0	0	0	0	0	0	0	0	0	0	0	0	0	0	0	0
45492	0	0	0	0	0	0	0	0	0	0	0	0	0	0	0	0
45528	0	0	0	0	0	0	0	0	0	0	0	0	0	0	0	0
45558	0	0	0	0	0	0	1	1	0	0	0	0	0	0	0	0
45591	0	0	0	0	0	0	1	1	0	0	0	0	0	0	0	0
45624	0	0	0	0	0	0	1	1	0	0	0	0	0	0	0	0
45657	0	0	0	0	0	0	0	1	0	0	0	0	0	0	0	0
45691	0	0	0	0	0	0	0	0	0	0	0	0	0	0	0	0
45729	0	0	0	0	0	0	0	0	0	0	0	0	0	0	0	0
45757	0	0	0	0	0	0	0	0	0	0	0	0	0	0	0	0
45790	0	0	0	0	0	0	0	0	0	0	0	0	0	0	0	0
45824	0	0	0	0	0	0	0	0	0	0	0	0	0	0	0	0
45863	0	0	0	0	0	0	0	0	0	0	0	0	0	0	0	0
45891	0	0	0	0	0	0	0	0	0	0	0	0	0	0	0	0
45929	0	0	0	0	0	0	0	0	0	0	0	0	0	0	0	0
45961	0	0	0	0	0	0	0	0	0	0	0	0	0	0	0	0
45991	0	0	0	0	0	0	0	0	0	0	0	0	0	0	0	0
46025	0	0	0	0	0	0	0	0	0	0	0	0	0	0	0	0
46062	0	0	0	0	0	0	0	0	0	0	0	0	0	0	0	0
46091	0	0	0	0	0	0	0	0	0	0	0	0	0	0	0	0
46128	0	0	0	0	0	0	0	0	0	0	0	0	0	0	0	0
46158	0	0	0	0	0	0	0	0	0	0	0	0	0	0	0	0
46193	0	0	0	0	0	0	0	0	0	0	0	0	0	0	0	0
46224	0	0	0	0	0	0	0	0	0	0	0	0	0	0	0	0
46263	0	0	0	0	0	0	0	0	0	0	0	0	0	0	0	0
46293	0	0	0	0	0	0	0	0	0	0	0	0	0	0	0	0
46330	0	0	0	0	0	0	0	0	0	0	0	0	0	0	0	0
46364	0	0	0	0	0	0	0	0	0	0	0	0	0	0	0	0
46393	0	0	0	0	0	0	0	0	0	0	0	0	0	0	0	0
46429	0	0	0	0	0	0	0	0	0	0	0	0	0	0	0	0
46462	0	0	0	0	0	0	0	0	0	0	0	0	0	0	0	0
46497	0	0	0	0	0	0	0	0	0	0	0	0	0	0	0	0
46530	0	0	0	0	0	0	0	0	0	0	0	0	0	0	0	0
46562	0	0	0	0	0	0	0	0	0	0	0	0	0	0	0	0
46593	0	0	0	0	0	0	0	0	0	0	0	0	0	0	0	0
46628	0	0	0	0	0	0	0	0	0	0	0	0	0	0	0	0
46662	0	0	0	0	0	0	0	0	0	0	0	0	0	0	0	0
46696	0	0	0	0	0	0	0	0	0	0	0	0	0	0	0	0
46727	0	0	0	0	0	0	0	0	0	0	0	0	0	0	0	0
46761	0	0	0	0	0	0	0	0	0	0	0	0	0	0	0	0
46793	0	0	0	0	0	0	0	0	0	0	0	0	0	0	0	0
46826	0	0	0	0	0	0	0	0	0	0	0	0	0	0	0	0
46862	0	0	0	0	0	0	0	0	0	0	0	0	0	0	0	0
46897	0	0	0	0	0	0	0	0	0	0	0	0	0	0	0	0
46928	0	0	0	0	0	0	0	0	0	0	0	0	0	0	0	0
46962	0	0	0	0	0	0	0	0	0	0	0	0	0	0	0	0
46995	0	0	0	0	0	0	0	0	0	0	0	0	0	0	0	0
47025	0	0	0	0	0	0	0	0	0	0	0	0	0	0	0	0
47061	0	0	0	0	0	0	0	0	0	0	0	0	0	0	0	0
47094	0	0	0	0	0	0	0	0	0	0	0	0	0	0	0	0
47129	0	0	0	0	0	0	0	0	0	0	0	0	0	0	0	0
47159	0	0	0	0	0	0	0	0	0	0	0	0	0	0	0	0
47191	0	0	0	0	0	0	0	0	0	0	0	0	0	0	0	0
47227	0	0	0	0	0	0	0	0	0	0	0	0	0	0	0	0
47258	0	0	0	0	0	0	0	0	0	0	0	0	0	0	0	0
47293	0	0	0	0	0	0	0	0	0	0	0	0	0	0	0	0
47328	0	0	0	0	0	0	0	0	0	0	0	0	0	0	0	0
47358	0	0	0	0	0	0	0	0	0	0	0	0	0	0	0	0
47394	0	0	0	0	0	0	0	0	0	0	0	0	0	0	0	0
47425	0	0	0	0	0	0	0	0	0	0	0	0	0	0	0	0
47459	0	0	0	0	0	0	0	0	0	0	0	0	0	0	0	0
47492	0	0	0	0	0	0	0	0	0	0	0	0	0	0	0	0
47526	0	0	0	0	0	0	0	0	0	0	0	0	0	0	0	0
47560	0	0	0	0	0	0	0	0	0	0	0	0	0	0	0	0
47593	0	0	0	0	0	0	0	0	0	0	0	0	0	0	0	0
47626	0	0	0	0	0	0	0	0	0	0	0	0	0	0	0	0
47660	0	0	0	0	0	0	0	0	0	0	0	0	0	0	0	0
47693	0	0	0	0	0	0	0	0	0	0	0	0	0	0	0	0
47726	0	0	0	0	0	0	0	0	0	0	0	0	0	0	0	0
47760	0	0	0	0	0	0	0	0	0	0	0	0	0	0	0	0
47793	0	0	0	0	0	0	0	0	0	0	0	0	0	0	0	0
47826	0	0	0	0	0	0	0	0	0	0	0	0	0	0	0	0
47860	0	0	0	0	0	0	0	0	0	0	0	0	0	0	0	0
47893	0	0	0	0	0	0	0	0	0	0	0	0	0	0	0	0
47926	0	0	0	0	0	0	0	0	0	0	0	0	0	0	0	0
47959	0	0	0	0	0	0	0	0	0	0	0	0	0	0	0	0
47993	0	0	0	0	0	0	0	0	0	0	0	0	0	0	0	0
48025	0	0	0	0	0	0	1	1	0	0	0	0	0	0	0	0
48059	0	0	0	0	0	0	1	1	0	0	0	0	0	0	0	0
48093	0	0	0	0	0	0	1	1	0	0	0	0	0	0	0	0
48126	0	0	0	0	0	0	0	0	0	0	0	0	0	0	0	0
48159	0	0	0	0	0	0	0	0	0	0	0	0	0	0	0	0
48192	0	0	0	0	0	0	0	0	0	0	0	0	0	0	0	0
48224	0	0	0	0	0	0	0	0	0	0	0	0	0	0	0	0
48259	0	0	0	0	0	0	0	0	0	0	0	0	0	0	0	0
48291	0	0	0	0	0	0	0	0	0	0	0	0	0	0	0	0
48325	0	0	0	0	0	0	0	0	0	0	0	0	0	0	0	0
48358	0	0	0	0	0	0	0	0	0	0	0	0	0	0	0	0
48394	0	0	0	0	0	0	0	0	0	0	0	0	0	0	0	0
48429	0	0	0	0	0	0	0	0	0	0	0	0	0	0	0	0
48457	0	0	0	0	0	0	0	0	0	0	0	0	0	0	0	0
48490	0	0	0	0	0	0	0	0	0	0	0	0	0	0	0	0
48524	0	0	0	0	0	0	0	0	0	0	0	0	0	0	0	0
48561	0	0	0	0	0	0	0	0	0	0	0	0	0	0	0	0
48591	0	0	0	0	0	0	0	0	0	0	0	0	0	0	0	0
48625	0	0	0	0	0	0	0	0	0	0	0	0	0	0	0	0
48658	0	0	0	0	0	0	0	0	0	0	0	0	0	0	0	0
48696	0	0	0	0	0	0	0	0	0	0	0	0	0	0	0	0
48729	0	0	0	0	0	0	0	0	0	0	0	0	0	0	0	0
48761	0	0	0	0	0	0	0	0	0	0	0	0	0	0	0	0
48791	0	0	0	0	0	0	0	0	0	0	0	0	0	0	0	0
48824	0	0	0	0	0	0	0	0	0	0	0	0	0	0	0	0
48858	0	0	0	0	0	0	0	0	0	0	0	0	0	0	0	0
48892	0	0	0	0	0	0	0	0	0	0	0	0	0	0	0	0
48929	0	0	0	0	0	0	0	0	0	0	0	0	0	0	0	0
48959	0	0	0	0	0	0	0	0	0	0	0	0	0	0	0	0
48993	0	0	0	0	0	0	0	0	0	0	0	0	0	0	0	0
49026	0	0	0	0	0	0	0	0	0	0	0	0	0	0	0	0
49059	0	0	0	0	0	0	0	0	0	0	0	0	0	0	0	0
49094	0	0	0	0	0	0	0	0	0	0	0	0	0	0	0	0
49129	0	0	0	0	0	0	0	0	0	0	0	0	0	0	0	0
49160	0	0	0	0	0	0	0	0	0	0	0	0	0	0	0	0
49194	0	0	0	0	0	0	0	0	0	0	0	0	0	0	0	0
49225	0	0	0	0	0	0	0	0	0	0	0	0	0	0	0	0
49261	0	0	0	0	0	0	0	0	0	0	0	0	0	0	0	0
49295	0	0	0	0	0	0	0	0	0	0	0	0	0	0	0	0
49327	0	0	0	0	0	0	0	0	0	0	0	0	0	0	0	0
49360	0	0	0	0	0	0	0	0	0	0	0	0	0	0	0	0
49395	0	0	0	0	0	0	0	0	0	0	0	0	0	0	0	0
49425	0	0	0	0	0	0	0	0	0	0	0	0	0	0	0	0
49459	0	0	0	0	0	0	0	0	0	0	0	0	0	0	0	0
49491	0	0	0	0	0	0	0	0	0	0	0	0	0	0	0	0
49529	0	0	0	0	0	0	0	0	0	0	0	0	0	0	0	0
49562	0	0	0	0	0	0	0	0	0	0	0	0	0	0	0	0
49596	0	0	0	0	0	0	0	0	0	0	0	0	0	0	0	0
49625	0	0	0	0	0	0	0	0	0	0	0	0	0	0	0	0
49658	0	0	0	0	0	0	0	0	0	0	0	0	0	0	0	0
49691	0	0	0	0	0	0	0	0	0	0	0	0	0	0	0	0
49729	0	0	0	0	0	0	0	0	0	0	0	0	0	0	0	0
49758	0	0	0	0	0	0	0	0	0	0	0	0	0	0	0	0
49793	0	0	0	0	0	0	0	0	0	0	0	0	0	0	0	0
49825	0	0	0	0	0	0	0	0	0	0	0	0	0	0	0	0
49857	0	0	0	0	0	0	0	0	0	0	0	0	0	0	0	0
49895	0	0	0	0	0	0	0	0	0	0	0	0	0	0	0	0
49925	0	0	0	0	0	0	0	0	0	0	0	0	0	0	0	0
49957	0	0	0	0	0	0	0	0	0	0	0	0	0	0	0	0
49993	0	0	0	0	0	0	0	0	0	0	0	0	0	0	0	0
50025	0	0	0	0	0	0	0	0	0	0	0	0	0	0	0	0
50058	0	0	0	0	0	0	0	0	0	0	0	0	0	0	0	0
50092	0	0	0	0	0	0	0	0	0	0	0	0	0	0	0	0
50125	0	0	0	0	0	0	0	0	0	0	0	0	0	0	0	0
50158	0	0	0	0	0	0	0	0	0	0	0	0	0	0	0	0
50191	0	0	0	0	0	0	0	0	0	0	0	0	0	0	0	0
50229	0	0	0	0	0	0	0	0	0	0	0	0	0	0	0	0
50257	0	0	0	0	0	0	0	0	0	0	0	0	0	0	0	0
50290	0	0	0	0	0	0	0	0	0	0	0	0	0	0	0	0
50329	0	0	0	0	0	0	0	0	0	0	0	0	0	0	0	0
50359	0	0	0	0	0	0	0	0	0	0	0	0	0	0	0	0
50391	0	0	0	0	0	0	0	0	0	0	0	0	0	0	0	0
50424	0	0	0	0	0	0	0	0	0	0	0	0	0	0	0	0
50458	0	0	0	0	0	0	0	0	0	0	0	0	0	0	0	0
50496	0	0	0	0	0	0	0	0	0	0	0	0	0	0	0	0
50529	0	0	0	0	0	0	0	0	0	0	0	0	0	0	0	0
50557	0	0	0	0	0	0	0	0	0	0	0	0	0	0	0	0
50595	0	0	0	0	0	0	0	0	0	0	0	0	0	0	0	0
50629	0	0	0	0	0	0	0	0	0	0	0	0	0	0	0	0
50662	0	0	0	0	0	0	0	0	0	0	0	0	0	0	0	0
50695	0	0	0	0	0	0	0	0	0	0	0	0	0	0	0	0
50729	0	0	0	0	0	0	0	0	0	0	0	0	0	0	0	0
50762	0	0	0	0	0	0	0	0	0	0	0	0	0	0	0	0
50795	0	0	0	0	0	0	0	0	0	0	0	0	0	0	0	0
50828	0	0	0	0	0	0	0	0	0	0	0	0	0	0	0	0
50862	0	0	0	0	0	0	0	0	0	0	0	0	0	0	0	0
50894	0	0	0	0	0	0	0	0	0	0	0	0	0	0	0	0
50928	0	0	0	0	0	0	0	0	0	0	0	0	0	0	0	0
50961	0	0	0	0	0	0	0	0	0	0	0	0	0	0	0	0
50995	0	0	0	0	0	0	0	0	0	0	0	0	0	0	0	0
51028	0	0	0	0	0	0	0	0	0	0	0	0	0	0	0	0
51061	0	0	0	0	0	0	0	0	0	0	0	0	0	0	0	0
51094	0	0	0	0	0	0	0	0	0	0	0	0	0	0	0	0
51128	0	0	0	0	0	0	0	0	0	0	0	0	0	0	0	0
51161	0	0	0	0	0	0	0	0	0	0	0	0	0	0	0	0
51194	0	0	0	0	0	0	0	0	0	0	0	0	0	0	0	0
51227	0	0	0	0	0	0	0	0	0	0	0	0	0	0	0	0
51261	0	0	0	0	0	0	0	0	0	0	0	0	0	0	0	0
51294	0	0	0	0	0	0	0	0	0	0	0	0	0	0	0	0
51326	0	0	0	0	0	0	0	0	0	0	0	0	0	0	0	0
51360	0	0	0	0	0	0	0	0	0	0	0	0	0	0	0	0
51394	0	0	0	0	0	0	0	0	0	0	0	0	0	0	0	0
51427	0	0	0	0	0	0	0	0	0	0	0	0	0	0	0	0
51460	0	0	0	0	0	0	0	0	0	0	0	0	0	0	0	0
51493	0	0	0	0	0	0	0	0	0	0	0	0	0	0	0	0
51527	0	0	0	0	0	0	0	0	0	0	0	0	0	0	0	0
51560	0	0	0	0	0	0	0	0	0	0	0	0	0	0	0	0
51593	0	0	0	0	0	0	0	0	0	0	0	0	0	0	0	0
51626	0	0	0	0	0	0	0	0	0	0	0	0	0	0	0	0
51660	0	0	0	0	0	0	0	0	0	0	0	0	0	0	0	0
51693	0	0	0	0	0	0	0	0	0	0	0	0	0	0	0	0
51726	0	0	0	0	0	0	0	0	0	0	0	0	0	0	0	0
51759	0	0	0	0	0	0	0	0	0	0	0	0	0	0	0	0
51793	0	0	0	0	0	0	0	0	0	0	0	0	0	0	0	0
51826	0	0	0	0	0	0	0	0	0	0	0	0	0	0	0	0
51859	0	0	0	0	0	0	0	0	0	0	0	0	0	0	0	0
51892	0	0	0	0	0	0	0	0	0	0	0	0	0	0	0	0
51926	0	0	0	0	0	0	0	0	0	0	0	0	0	0	0	0
51959	0	0	0	0	0	0	0	0	0	0	0	0	0	0	0	0
51992	0	0	0	0	0	0	0	0	0	0	0	0	0	0	0	0
52026	0	0	0	0	0	0	0	0	0	0	0	0	0	0	0	0
52059	0	0	0	0	0	0	0	0	0	0	0	0	0	0	0	0
52095	0	0	0	0	0	0	0	0	0	0	0	0	0	0	0	0
52128	0	0	0	0	0	0	0	0	0	0	0	0	0	0	0	0
52162	0	0	0	0	0	0	0	0	0	0	0	0	0	0	0	0
52193	0	0	0	0	0	0	0	0	0	0	0	0	0	0	0	0
52225	0	0	0	0	0	0	0	0	0	0	0	0	0	0	0	0
52258	0	0	0	0	0	0	0	0	0	0	0	0	0	0	0	0
52291	0	0	0	0	0	0	0	0	0	0	0	0	0	0	0	0
52329	0	0	0	0	0	0	0	0	0	0	0	0	0	0	0	0
52358	0	0	0	0	0	0	0	0	0	0	0	0	0	0	0	0
52392	0	0	0	0	0	0	0	0	0	0	0	0	0	0	0	0
52426	0	0	0	0	0	0	0	0	0	0	0	0	0	0	0	0
52457	0	0	0	0	0	0	0	0	0	0	0	0	0	0	0	0
52496	0	0	0	0	0	0	0	0	0	0	0	0	0	0	0	0
52525	0	0	0	0	0	0	0	0	0	0	0	0	0	0	0	0
52563	0	0	0	0	0	0	0	0	0	0	0	0	0	0	0	0
52591	0	0	0	0	0	0	0	0	0	0	0	0	0	0	0	0
52629	0	0	0	0	0	0	0	0	0	0	0	0	0	0	0	0
52663	0	0	0	0	0	0	0	0	0	0	0	0	0	0	0	0
52691	0	0	0	0	0	0	0	0	0	0	0	0	0	0	0	0
52729	0	0	0	0	0	0	0	0	0	0	0	0	0	0	0	0
52757	0	0	0	0	0	0	0	0	0	0	0	0	0	0	0	0
52796	0	0	0	0	0	0	0	0	0	0	0	0	0	0	0	0
52824	0	0	0	0	0	0	0	0	0	0	0	0	0	0	0	0
52862	0	0	0	0	0	0	0	0	0	0	0	0	0	0	0	0
52895	0	0	0	0	0	0	0	0	0	0	0	0	0	0	0	0
52929	0	0	0	0	0	0	0	0	0	0	0	0	0	0	0	0
52959	0	0	0	0	0	0	0	0	0	0	0	0	0	0	0	0
52993	0	0	0	0	0	0	0	0	0	0	0	0	0	0	0	0
53027	0	0	0	0	0	0	0	0	0	0	0	0	0	0	0	0
53061	0	0	0	0	0	0	0	0	0	0	0	0	0	0	0	0
53090	0	0	0	0	0	0	0	0	0	0	0	0	0	0	0	0
53126	0	0	0	0	0	0	0	0	0	0	0	0	0	0	0	0
53160	0	0	0	0	0	0	0	0	0	0	0	0	0	0	0	0
53190	0	0	0	0	0	0	0	0	0	0	0	0	0	0	0	0
53229	0	0	0	0	0	0	0	0	0	0	0	0	0	0	0	0
53257	0	0	0	0	0	0	0	0	0	0	0	0	0	0	0	0
53295	0	0	0	0	0	0	0	0	0	0	0	0	0	0	0	0
53324	0	0	0	0	0	0	0	0	0	0	0	0	0	0	0	0
53361	0	0	0	0	0	0	0	0	0	0	1	1	0	0	0	0
