millis	xpos	ypos	sX	sY	dpX	dpY	red	green	blue	opacity	A1	A2	A3	A4	L1	R1	L2	R2	S1	S2	M1	M2	up	down	left	right	anlgX	anlgY	anlgU	anlgV	joy1_int	joy2_int
1095	293	308	250	250	300	300	0	0	0	60	0	0	0	0	0	0	0	0	0	0	0	0	0	0	0	0	0.0	0.0	0.0	0.0	0	0
1104	1129	800	250	250	300	300	0	0	0	60	0	0	0	0	0	0	0	0	0	0	0	0	0	0	0	0	0.0	0.0	0.0	0.0	0	0
1142	714	575	250	250	300	300	0	0	0	60	0	0	0	0	0	0	0	0	0	0	0	0	0	0	0	0	0.0	0.0	0.0	0.0	0	0
1173	602	439	250	250	300	300	0	0	0	60	0	0	0	0	0	0	0	0	0	0	0	0	0	0	0	0	0.0	0.0	0.0	0.0	0	0
1206	233	248	250	250	300	300	0	0	0	60	0	0	0	0	0	0	0	0	0	0	0	0	0	0	0	0	0.0	0.0	0.0	0.0	0	0
1239	835	430	250	250	300	300	0	0	0	60	0	0	0	0	0	0	0	0	0	0	0	0	0	0	0	0	0.0	0.0	0.0	0.0	0	0
1271	991	137	250	250	300	300	0	0	0	60	0	0	0	0	0	0	0	0	0	0	0	0	0	0	0	0	0.0	0.0	0.0	0.0	0	0
1303	439	6	250	250	300	300	0	0	0	60	0	0	0	0	0	0	0	0	0	0	0	0	0	0	0	0	0.0	0.0	0.0	0.0	0	0
1337	518	343	250	250	300	300	0	0	0	60	0	0	0	0	0	0	0	0	0	0	0	0	0	0	0	0	0.0	0.0	0.0	0.0	0	0
1370	549	362	250	250	300	300	0	0	0	60	0	0	0	0	0	0	0	0	0	0	0	0	0	0	0	0	0.0	0.0	0.0	0.0	0	0
1407	906	494	250	250	300	300	0	0	0	60	0	0	0	0	0	0	0	0	0	0	0	0	0	0	0	0	0.0	0.0	0.0	0.0	0	0
1439	563	310	250	250	300	300	0	0	0	60	0	0	0	0	0	0	0	0	0	0	0	0	0	0	0	0	0.0	0.0	0.0	0.0	0	0
1472	459	601	250	250	300	300	0	0	0	60	0	0	0	0	0	0	0	0	0	0	0	0	0	0	0	0	0.0	0.0	0.0	0.0	0	0
1506	369	263	250	250	300	300	0	0	0	60	0	0	0	0	0	0	0	0	0	0	0	0	0	0	0	0	0.0	0.0	0.0	0.0	0	0
1536	500	599	250	250	300	300	0	0	0	60	0	0	0	0	0	0	0	0	0	0	0	0	0	0	0	0	0.0	0.0	0.0	0.0	0	0
1570	339	249	250	250	300	300	0	0	0	60	0	0	0	0	0	0	0	0	0	0	0	0	0	0	0	0	0.0	0.0	0.0	0.0	0	0
1603	458	405	250	250	300	300	0	0	0	60	0	0	0	0	0	0	0	0	0	0	0	0	0	0	0	0	0.0	0.0	0.0	0.0	0	0
1642	571	222	250	250	300	300	0	0	0	60	0	0	0	0	0	0	0	0	0	0	0	0	0	0	0	0	0.0	0.0	0.0	0.0	0	0
1672	666	0	250	250	300	300	0	0	0	60	0	0	0	0	0	0	0	0	0	0	0	0	0	0	0	0	0.0	0.0	0.0	0.0	0	0
1705	857	244	250	250	300	300	0	0	0	60	0	0	0	0	0	0	0	0	0	0	0	0	0	0	0	0	0.0	0.0	0.0	0.0	0	0
1738	320	146	250	250	300	300	0	0	0	60	0	0	0	0	0	0	0	0	0	0	0	0	0	0	0	0	0.0	0.0	0.0	0.0	0	0
1773	748	304	250	250	300	300	0	0	0	60	0	0	0	0	0	0	0	0	0	0	0	0	0	0	0	0	0.0	0.0	0.0	0.0	0	0
1805	659	576	250	250	300	300	0	0	0	60	0	0	0	0	0	0	0	0	0	0	0	0	0	0	0	0	0.0	0.0	0.0	0.0	0	0
1838	466	302	250	250	300	300	0	0	0	60	0	0	0	0	0	0	0	0	0	0	0	0	0	0	0	0	0.0	0.0	0.0	0.0	0	0
1873	716	480	250	250	300	300	0	0	0	60	0	0	0	0	0	0	0	0	0	0	0	0	0	0	0	0	0.0	0.0	0.0	0.0	0	0
1906	1172	465	250	250	300	300	0	0	0	60	0	0	0	0	0	0	0	0	0	0	0	0	0	0	0	0	0.0	0.0	0.0	0.0	0	0
1939	125	207	250	250	300	300	0	0	0	60	0	0	0	0	0	0	0	0	0	0	0	0	0	0	0	0	0.0	0.0	0.0	0.0	0	0
1972	299	337	250	250	300	300	0	0	0	60	0	0	0	0	0	0	0	0	0	0	0	0	0	0	0	0	0.0	0.0	0.0	0.0	0	0
2005	616	552	250	250	300	300	0	0	0	60	0	0	0	0	0	0	0	0	0	0	0	0	0	0	0	0	0.0	0.0	0.0	0.0	0	0
2037	651	750	250	250	300	300	0	0	0	60	0	0	0	0	0	0	0	0	0	0	0	0	0	0	0	0	0.0	0.0	0.0	0.0	0	0
2069	396	131	250	250	300	300	0	0	0	60	0	0	0	0	0	0	0	0	0	0	0	0	0	0	0	0	0.0	0.0	0.0	0.0	0	0
2109	340	632	250	250	300	300	0	0	0	60	0	0	0	0	0	0	0	0	0	0	0	0	0	0	0	0	0.0	0.0	0.0	0.0	0	0
2137	492	128	250	250	300	300	0	0	0	60	0	0	0	0	0	0	0	0	0	0	0	0	0	0	0	0	0.0	0.0	0.0	0.0	0	0
2171	554	418	250	250	300	300	0	0	0	60	0	0	0	0	0	0	0	0	0	0	0	0	0	0	0	0	0.0	0.0	0.0	0.0	0	0
2204	604	723	250	250	300	300	0	0	0	60	0	0	0	0	0	0	0	0	0	0	0	0	0	0	0	0	0.0	0.0	0.0	0.0	0	0
2237	487	618	250	250	300	300	0	0	0	60	0	0	0	0	0	0	0	0	0	0	0	0	0	0	0	0	0.0	0.0	0.0	0.0	0	0
2271	908	550	250	250	300	300	0	0	0	60	0	0	0	0	0	0	0	0	0	0	0	0	0	0	0	0	0.0	0.0	0.0	0.0	0	0
2304	819	15	250	250	300	300	0	0	0	60	0	0	0	0	0	0	0	0	0	0	0	0	0	0	0	0	0.0	0.0	0.0	0.0	0	0
2338	534	583	250	250	300	300	0	0	0	60	0	0	0	0	0	0	0	0	0	0	0	0	0	0	0	0	0.0	0.0	0.0	0.0	0	0
2371	1280	800	250	250	300	300	0	0	0	60	0	0	0	0	0	0	0	0	0	0	0	0	0	0	0	0	0.0	0.0	0.0	0.0	0	0
2404	912	573	250	250	300	300	0	0	0	60	0	0	0	0	0	0	0	0	0	0	0	0	0	0	0	0	0.0	0.0	0.0	0.0	0	0
2438	624	416	250	250	300	300	0	0	0	60	0	0	0	0	0	0	0	0	0	0	0	0	0	0	0	0	0.0	0.0	0.0	0.0	0	0
2473	824	711	250	250	300	300	0	0	0	60	0	0	0	0	0	0	0	0	0	0	0	0	0	0	0	0	0.0	0.0	0.0	0.0	0	0
2507	1019	371	250	250	300	300	0	0	0	60	0	0	0	0	0	0	0	0	0	0	0	0	0	0	0	0	0.0	0.0	0.0	0.0	0	0
2536	481	678	250	250	300	300	0	0	0	60	0	0	0	0	0	0	0	0	0	0	0	0	0	0	0	0	0.0	0.0	0.0	0.0	0	0
2570	926	482	250	250	300	300	0	0	0	60	0	0	0	0	0	0	0	0	0	0	0	0	0	0	0	0	0.0	0.0	0.0	0.0	0	0
2603	771	800	250	250	300	300	0	0	0	60	0	0	0	0	0	0	0	0	0	0	0	0	0	0	0	0	0.0	0.0	0.0	0.0	0	0
2637	800	557	250	250	300	300	0	0	0	60	0	0	0	0	0	0	0	0	0	0	0	0	0	0	0	0	0.0	0.0	0.0	0.0	0	0
2670	997	238	250	250	300	300	0	0	0	60	0	0	0	0	0	0	0	0	0	0	0	0	0	0	0	0	0.0	0.0	0.0	0.0	0	0
2703	643	407	250	250	300	300	0	0	0	60	0	0	0	0	0	0	0	0	0	0	0	0	0	0	0	0	0.0	0.0	0.0	0.0	0	0
2736	419	800	250	250	300	300	0	0	0	60	0	0	0	0	0	0	0	0	0	0	0	0	0	0	0	0	0.0	0.0	0.0	0.0	0	0
2771	677	347	250	250	300	300	0	0	0	60	0	0	0	0	0	0	0	0	0	0	0	0	0	0	0	0	0.0	0.0	0.0	0.0	0	0
2803	692	518	250	250	300	300	0	0	0	60	0	0	0	0	0	0	0	0	0	0	0	0	0	0	0	0	0.0	0.0	0.0	0.0	0	0
2837	212	647	250	250	300	300	0	0	0	60	0	0	0	0	0	0	0	0	0	0	0	0	0	0	0	0	0.0	0.0	0.0	0.0	0	0
2872	186	110	250	250	300	300	0	0	0	60	0	0	0	0	0	0	0	0	0	0	0	0	0	0	0	0	0.0	0.0	0.0	0.0	0	0
2904	409	646	250	250	300	300	0	0	0	60	0	0	0	0	0	0	0	0	0	0	0	0	0	0	0	0	0.0	0.0	0.0	0.0	0	0
2937	572	55	250	250	300	300	0	0	0	60	0	0	0	0	0	0	0	0	0	0	0	0	0	0	0	0	0.0	0.0	0.0	0.0	0	0
2974	652	389	250	250	300	300	0	0	0	60	0	0	0	0	0	0	0	0	0	0	0	0	0	0	0	0	0.0	0.0	0.0	0.0	0	0
3002	587	339	250	250	300	300	0	0	0	60	0	0	0	0	0	0	0	0	0	0	0	0	0	0	0	0	0.0	0.0	0.0	0.0	0	0
3041	280	0	250	250	300	300	0	0	0	60	0	0	0	0	0	0	0	0	0	0	0	0	0	0	0	0	0.0	0.0	0.0	0.0	0	0
3069	1109	0	250	250	300	300	0	0	0	60	0	0	0	0	0	0	0	0	0	0	0	0	0	0	0	0	0.0	0.0	0.0	0.0	0	0
3107	28	469	250	250	300	300	0	0	0	60	0	0	0	0	0	0	0	0	0	0	0	0	0	0	0	0	0.0	0.0	0.0	0.0	0	0
3137	1208	209	250	250	300	300	0	0	0	60	0	0	0	0	0	0	0	0	0	0	0	0	0	0	0	0	0.0	0.0	0.0	0.0	0	0
3170	668	446	250	250	300	300	0	0	0	60	0	0	0	0	0	0	0	0	0	0	0	0	0	0	0	0	0.0	0.0	0.0	0.0	0	0
3208	326	478	250	250	300	300	0	0	0	60	0	0	0	0	0	0	0	0	0	0	0	0	0	0	0	0	0.0	0.0	0.0	0.0	0	0
3244	657	460	250	250	300	300	0	0	0	60	0	0	0	0	0	0	0	0	0	0	0	0	0	0	0	0	0.0	0.0	0.0	0.0	0	0
3275	983	392	250	250	300	300	0	0	0	60	0	0	0	0	0	0	0	0	0	0	0	0	0	0	0	0	0.0	0.0	0.0	0.0	0	0
3308	659	439	250	250	300	300	0	0	0	60	0	0	0	0	0	0	0	0	0	0	0	0	0	0	0	0	0.0	0.0	0.0	0.0	0	0
3336	557	296	250	250	300	300	0	0	0	60	0	0	0	0	0	0	0	0	0	0	0	0	0	0	0	0	0.0	0.0	0.0	0.0	0	0
3374	461	171	250	250	300	300	0	0	0	60	0	0	0	0	0	0	0	0	0	0	0	0	0	0	0	0	0.0	0.0	0.0	0.0	0	0
3403	112	363	250	250	300	300	0	0	0	60	0	0	0	0	0	0	0	0	0	0	0	0	0	0	0	0	0.0	0.0	0.0	0.0	0	0
3441	545	16	250	250	300	300	0	0	0	60	0	0	0	0	0	0	0	0	0	0	0	0	0	0	0	0	0.0	0.0	0.0	0.0	0	0
3474	425	400	250	250	300	300	0	0	0	60	0	0	0	0	0	0	0	0	0	0	0	0	0	0	0	0	0.0	0.0	0.0	0.0	0	0
3507	649	792	250	250	300	300	0	0	0	60	0	0	0	0	0	0	0	0	0	0	0	0	0	0	0	0	0.0	0.0	0.0	0.0	0	0
3541	1125	87	250	250	300	300	0	0	0	60	0	0	0	0	0	0	0	0	0	0	0	0	0	0	0	0	0.0	0.0	0.0	0.0	0	0
3573	1148	353	250	250	300	300	0	0	0	60	0	0	0	0	0	0	0	0	0	0	0	0	0	0	0	0	0.0	0.0	0.0	0.0	0	0
3607	1243	711	250	250	300	300	0	0	0	60	0	0	0	0	0	0	0	0	0	0	0	0	0	0	0	0	0.0	0.0	0.0	0.0	0	0
3640	712	322	250	250	300	300	0	0	0	60	0	0	0	0	0	0	0	0	0	0	0	0	0	0	0	0	0.0	0.0	0.0	0.0	0	0
3673	650	373	250	250	300	300	0	0	0	60	0	0	0	0	0	0	0	0	0	0	0	0	0	0	0	0	0.0	0.0	0.0	0.0	0	0
3707	205	327	250	250	300	300	0	0	0	60	0	0	0	0	0	0	0	0	0	0	0	0	0	0	0	0	0.0	0.0	0.0	0.0	0	0
3740	934	712	250	250	300	300	0	0	0	60	0	0	0	0	0	0	0	0	0	0	0	0	0	0	0	0	0.0	0.0	0.0	0.0	0	0
3773	260	781	250	250	300	300	0	0	0	60	0	0	0	0	0	0	0	0	0	0	0	0	0	0	0	0	0.0	0.0	0.0	0.0	0	0
3806	1142	532	250	250	300	300	0	0	0	60	0	0	0	0	0	0	0	0	0	0	0	0	0	0	0	0	0.0	0.0	0.0	0.0	0	0
3840	716	68	250	250	300	300	0	0	0	60	0	0	0	0	0	0	0	0	0	0	0	0	0	0	0	0	0.0	0.0	0.0	0.0	0	0
3874	637	503	250	250	300	300	0	0	0	60	0	0	0	0	0	0	0	0	0	0	0	0	0	0	0	0	0.0	0.0	0.0	0.0	0	0
3907	1032	562	250	250	300	300	0	0	0	60	0	0	0	0	0	0	0	0	0	0	0	0	0	0	0	0	0.0	0.0	0.0	0.0	0	0
3940	1280	564	250	250	300	300	0	0	0	60	0	0	0	0	0	0	0	0	0	0	0	0	0	0	0	0	0.0	0.0	0.0	0.0	0	0
3972	596	425	250	250	300	300	0	0	0	60	0	0	0	0	0	0	0	0	0	0	0	0	0	0	0	0	0.0	0.0	0.0	0.0	0	0
4006	694	161	250	250	300	300	0	0	0	60	0	0	0	0	0	0	0	0	0	0	0	0	0	0	0	0	0.0	0.0	0.0	0.0	0	0
4039	756	467	250	250	300	300	0	0	0	60	0	0	0	0	0	0	0	0	0	0	0	0	0	0	0	0	0.0	0.0	0.0	0.0	0	0
4072	496	557	250	250	300	300	0	0	0	60	0	0	0	0	0	0	0	0	0	0	0	0	0	0	0	0	0.0	0.0	0.0	0.0	0	0
4105	673	180	250	250	300	300	0	0	0	60	0	0	0	0	0	0	0	0	0	0	0	0	0	0	0	0	0.0	0.0	0.0	0.0	0	0
4141	836	43	250	250	300	300	0	0	0	60	0	0	0	0	0	0	0	0	0	0	0	0	0	0	0	0	0.0	0.0	0.0	0.0	0	0
4172	752	42	250	250	300	300	0	0	0	60	0	0	0	0	0	0	0	0	0	0	0	0	0	0	0	0	0.0	0.0	0.0	0.0	0	0
4205	737	282	250	250	300	300	0	0	0	60	0	0	0	0	0	0	0	0	0	0	0	0	0	0	0	0	0.0	0.0	0.0	0.0	0	0
4239	1280	373	250	250	300	300	0	0	0	60	0	0	0	0	0	0	0	0	0	0	0	0	0	0	0	0	0.0	0.0	0.0	0.0	0	0
4272	1232	800	250	250	300	300	0	0	0	60	0	0	0	0	0	0	0	0	0	0	0	0	0	0	0	0	0.0	0.0	0.0	0.0	0	0
4305	0	425	250	250	300	300	0	0	0	60	0	0	0	0	0	0	0	0	0	0	0	0	0	0	0	0	0.0	0.0	0.0	0.0	0	0
4338	482	0	250	250	300	300	0	0	0	60	0	0	0	0	0	0	0	0	0	0	0	0	0	0	0	0	0.0	0.0	0.0	0.0	0	0
4371	408	176	250	250	300	300	0	0	0	60	0	0	0	0	0	0	0	0	0	0	0	0	0	0	0	0	0.0	0.0	0.0	0.0	0	0
4405	814	403	250	250	300	300	0	0	0	60	0	0	0	0	0	0	0	0	0	0	0	0	0	0	0	0	0.0	0.0	0.0	0.0	0	0
4438	829	633	250	250	300	300	0	0	0	60	0	0	0	0	0	0	0	0	0	0	0	0	0	0	0	0	0.0	0.0	0.0	0.0	0	0
4471	960	382	250	250	300	300	0	0	0	60	0	0	0	0	0	0	0	0	0	0	0	0	0	0	0	0	0.0	0.0	0.0	0.0	0	0
4505	428	84	250	250	300	300	0	0	0	60	0	0	0	0	0	0	0	0	0	0	0	0	0	0	0	0	0.0	0.0	0.0	0.0	0	0
4538	777	697	250	250	300	300	0	0	0	60	0	0	0	0	0	0	0	0	0	0	0	0	0	0	0	0	0.0	0.0	0.0	0.0	0	0
4570	119	727	250	250	300	300	0	0	0	60	0	0	0	0	0	0	0	0	0	0	0	0	0	0	0	0	0.0	0.0	0.0	0.0	0	0
4605	1280	450	250	250	300	300	0	0	0	60	0	0	0	0	0	0	0	0	0	0	0	0	0	0	0	0	0.0	0.0	0.0	0.0	0	0
4638	689	777	250	250	300	300	0	0	0	60	0	0	0	0	0	0	0	0	0	0	0	0	0	0	0	0	0.0	0.0	0.0	0.0	0	0
4670	802	21	250	250	300	300	0	0	0	60	0	0	0	0	0	0	0	0	0	0	0	0	0	0	0	0	0.0	0.0	0.0	0.0	0	0
4707	261	800	250	250	300	300	0	0	0	60	0	0	0	0	0	0	0	0	0	0	0	0	0	0	0	0	0.0	0.0	0.0	0.0	0	0
4737	645	745	250	250	300	300	0	0	0	60	0	0	0	0	0	0	0	0	0	0	0	0	0	0	0	0	0.0	0.0	0.0	0.0	0	0
4770	947	0	250	250	300	300	0	0	0	60	0	0	0	0	0	0	0	0	0	0	0	0	0	0	0	0	0.0	0.0	0.0	0.0	0	0
4803	615	124	250	250	300	300	0	0	0	60	0	0	0	0	0	0	0	0	0	0	0	0	0	0	0	0	0.0	0.0	0.0	0.0	0	0
4837	343	800	250	250	300	300	0	0	0	60	0	0	0	0	0	0	0	0	0	0	0	0	0	0	0	0	0.0	0.0	0.0	0.0	0	0
4871	638	709	250	250	300	300	0	0	0	60	0	0	0	0	0	0	0	0	0	0	0	0	0	0	0	0	0.0	0.0	0.0	0.0	0	0
4904	591	166	250	250	300	300	0	0	0	60	0	0	0	0	0	0	0	0	0	0	0	0	0	0	0	0	0.0	0.0	0.0	0.0	0	0
4937	138	800	250	250	300	300	0	0	0	60	0	0	0	0	0	0	0	0	0	0	0	0	0	0	0	0	0.0	0.0	0.0	0.0	0	0
4970	358	430	250	250	300	300	0	0	0	60	0	0	0	0	0	0	0	0	0	0	0	0	0	0	0	0	0.0	0.0	0.0	0.0	0	0
5004	397	735	250	250	300	300	0	0	0	60	0	0	0	0	0	0	0	0	0	0	0	0	0	0	0	0	0.0	0.0	0.0	0.0	0	0
5036	240	800	250	250	300	300	0	0	0	60	0	0	0	0	0	0	0	0	0	0	0	0	0	0	0	0	0.0	0.0	0.0	0.0	0	0
5069	225	411	250	250	300	300	0	0	0	60	0	0	0	0	0	0	0	0	0	0	0	0	0	0	0	0	0.0	0.0	0.0	0.0	0	0
5105	516	573	250	250	300	300	0	0	0	60	0	0	0	0	0	0	0	0	0	0	0	0	0	0	0	0	0.0	0.0	0.0	0.0	0	0
5137	736	425	250	250	300	300	0	0	0	60	0	0	0	0	0	0	0	0	0	0	0	0	0	0	0	0	0.0	0.0	0.0	0.0	0	0
5170	493	33	250	250	300	300	0	0	0	60	0	0	0	0	0	0	0	0	0	0	0	0	0	0	0	0	0.0	0.0	0.0	0.0	0	0
5204	422	0	250	250	300	300	0	0	0	60	0	0	0	0	0	0	0	0	0	0	0	0	0	0	0	0	0.0	0.0	0.0	0.0	0	0
5238	529	559	250	250	300	300	0	0	0	60	0	0	0	0	0	0	0	0	0	0	0	0	0	0	0	0	0.0	0.0	0.0	0.0	0	0
5269	249	372	250	250	300	300	0	0	0	60	0	0	0	0	0	0	0	0	0	0	0	0	0	0	0	0	0.0	0.0	0.0	0.0	0	0
5303	1280	532	250	250	300	300	0	0	0	60	0	0	0	0	0	0	0	0	0	0	0	0	0	0	0	0	0.0	0.0	0.0	0.0	0	0
5341	1061	387	250	250	300	300	0	0	0	60	0	0	0	0	0	0	0	0	0	0	0	0	0	0	0	0	0.0	0.0	0.0	0.0	0	0
5370	801	707	250	250	300	300	0	0	0	60	0	0	0	0	0	0	0	0	0	0	0	0	0	0	0	0	0.0	0.0	0.0	0.0	0	0
5407	652	538	250	250	300	300	0	0	0	60	0	0	0	0	0	0	0	0	0	0	0	0	0	0	0	0	0.0	0.0	0.0	0.0	0	0
5436	223	625	250	250	300	300	0	0	0	60	0	0	0	0	0	0	0	0	0	0	0	0	0	0	0	0	0.0	0.0	0.0	0.0	0	0
5474	396	713	250	250	300	300	0	0	0	60	0	0	0	0	0	0	0	0	0	0	0	0	0	0	0	0	0.0	0.0	0.0	0.0	0	0
5502	417	115	250	250	300	300	0	0	0	60	0	0	0	0	0	0	0	0	0	0	0	0	0	0	0	0	0.0	0.0	0.0	0.0	0	0
5541	641	557	250	250	300	300	0	0	0	60	0	0	0	0	0	0	0	0	0	0	0	0	0	0	0	0	0.0	0.0	0.0	0.0	0	0
5568	286	708	250	250	300	300	0	0	0	60	0	0	0	0	0	0	0	0	0	0	0	0	0	0	0	0	0.0	0.0	0.0	0.0	0	0
5607	547	484	250	250	300	300	0	0	0	60	0	0	0	0	0	0	0	0	0	0	0	0	0	0	0	0	0.0	0.0	0.0	0.0	0	0
5641	560	422	250	250	300	300	0	0	0	60	0	0	0	0	0	0	0	0	0	0	0	0	0	0	0	0	0.0	0.0	0.0	0.0	0	0
5669	289	156	250	250	300	300	0	0	0	60	0	0	0	0	0	0	0	0	0	0	0	0	0	0	0	0	0.0	0.0	0.0	0.0	0	0
5707	671	0	250	250	300	300	0	0	0	60	0	0	0	0	0	0	0	0	0	0	0	0	0	0	0	0	0.0	0.0	0.0	0.0	0	0
5741	112	0	250	250	300	300	0	0	0	60	0	0	0	0	0	0	0	0	0	0	0	0	0	0	0	0	0.0	0.0	0.0	0.0	0	0
5770	471	444	250	250	300	300	0	0	0	60	0	0	0	0	0	0	0	0	0	0	0	0	0	0	0	0	0.0	0.0	0.0	0.0	0	0
5803	612	648	250	250	300	300	0	0	0	60	0	0	0	0	0	0	0	0	0	0	0	0	0	0	0	0	0.0	0.0	0.0	0.0	0	0
5836	754	0	250	250	300	300	0	0	0	60	0	0	0	0	0	0	0	0	0	0	0	0	0	0	0	0	0.0	0.0	0.0	0.0	0	0
5874	547	195	250	250	300	300	0	0	0	60	0	0	0	0	0	0	0	0	0	0	0	0	0	0	0	0	0.0	0.0	0.0	0.0	0	0
5902	1037	486	250	250	300	300	0	0	0	60	0	0	0	0	0	0	0	0	0	0	0	0	0	0	0	0	0.0	0.0	0.0	0.0	0	0
5940	962	259	250	250	300	300	0	0	0	60	0	0	0	0	0	0	0	0	0	0	0	0	0	0	0	0	0.0	0.0	0.0	0.0	0	0
5969	138	454	250	250	300	300	0	0	0	60	0	0	0	0	0	0	0	0	0	0	0	0	0	0	0	0	0.0	0.0	0.0	0.0	0	0
6007	1213	495	250	250	300	300	0	0	0	60	0	0	0	0	0	0	0	0	0	0	0	0	0	0	0	0	0.0	0.0	0.0	0.0	0	0
6036	1280	582	250	250	300	300	0	0	0	60	0	0	0	0	0	0	0	0	0	0	0	0	0	0	0	0	0.0	0.0	0.0	0.0	0	0
6074	727	672	250	250	300	300	0	0	0	60	0	0	0	0	0	0	0	0	0	0	0	0	0	0	0	0	0.0	0.0	0.0	0.0	0	0
6107	696	0	250	250	300	300	0	0	0	60	0	0	0	0	0	0	0	0	0	0	0	0	0	0	0	0	0.0	0.0	0.0	0.0	0	0
6141	428	366	250	250	300	300	0	0	0	60	0	0	0	0	0	0	0	0	0	0	0	0	0	0	0	0	0.0	0.0	0.0	0.0	0	0
6174	37	28	250	250	300	300	0	0	0	60	0	0	0	0	0	0	0	0	0	0	0	0	0	0	0	0	0.0	0.0	0.0	0.0	0	0
6207	973	800	250	250	300	300	0	0	0	60	0	0	0	0	0	0	0	0	0	0	0	0	0	0	0	0	0.0	0.0	0.0	0.0	0	0
6240	694	236	250	250	300	300	0	0	0	60	0	0	0	0	0	0	0	0	0	0	0	0	0	0	0	0	0.0	0.0	0.0	0.0	0	0
6273	701	517	250	250	300	300	0	0	0	60	0	0	0	0	0	0	0	0	0	0	0	0	0	0	0	0	0.0	0.0	0.0	0.0	0	0
6306	630	648	250	250	300	300	0	0	0	60	0	0	0	0	0	0	0	0	0	0	0	0	0	0	0	0	0.0	0.0	0.0	0.0	0	0
6340	1280	419	250	250	300	300	0	0	0	60	0	0	0	0	0	0	0	0	0	0	0	0	0	0	0	0	0.0	0.0	0.0	0.0	0	0
6373	585	646	250	250	300	300	0	0	0	60	0	0	0	0	0	0	0	0	0	0	0	0	0	0	0	0	0.0	0.0	0.0	0.0	0	0
6407	911	0	250	250	300	300	0	0	0	60	0	0	0	0	0	0	0	0	0	0	0	0	0	0	0	0	0.0	0.0	0.0	0.0	0	0
6439	711	0	250	250	300	300	0	0	0	60	0	0	0	0	0	0	0	0	0	0	0	0	0	0	0	0	0.0	0.0	0.0	0.0	0	0
6473	983	103	250	250	300	300	0	0	0	60	0	0	0	0	0	0	0	0	0	0	0	0	0	0	0	0	0.0	0.0	0.0	0.0	0	0
6506	448	362	250	250	300	300	0	0	0	60	0	0	0	0	0	0	0	0	0	0	0	0	0	0	0	0	0.0	0.0	0.0	0.0	0	0
6539	1044	656	250	250	300	300	0	0	0	60	0	0	0	0	0	0	0	0	0	0	0	0	0	0	0	0	0.0	0.0	0.0	0.0	0	0
6571	1206	137	250	250	300	300	0	0	0	60	0	0	0	0	0	0	0	0	0	0	0	0	0	0	0	0	0.0	0.0	0.0	0.0	0	0
6606	466	800	250	250	300	300	0	0	0	60	0	0	0	0	0	0	0	0	0	0	0	0	0	0	0	0	0.0	0.0	0.0	0.0	0	0
6636	954	0	250	250	300	300	0	0	0	60	0	0	0	0	0	0	0	0	0	0	0	0	0	0	0	0	0.0	0.0	0.0	0.0	0	0
6673	1280	227	250	250	300	300	0	0	0	60	0	0	0	0	0	0	0	0	0	0	0	0	0	0	0	0	0.0	0.0	0.0	0.0	0	0
6705	483	782	250	250	300	300	0	0	0	60	0	0	0	0	0	0	0	0	0	0	0	0	0	0	0	0	0.0	0.0	0.0	0.0	0	0
6740	780	531	250	250	300	300	0	0	0	60	0	0	0	0	0	0	0	0	0	0	0	0	0	0	0	0	0.0	0.0	0.0	0.0	0	0
6773	564	588	250	250	300	300	0	0	0	60	0	0	0	0	0	0	0	0	0	0	0	0	0	0	0	0	0.0	0.0	0.0	0.0	0	0
6804	164	654	250	250	300	300	0	0	0	60	0	0	0	0	0	0	0	0	0	0	0	0	0	0	0	0	0.0	0.0	0.0	0.0	0	0
6837	1280	613	250	250	300	300	0	0	0	60	0	0	0	0	0	0	0	0	0	0	0	0	0	0	0	0	0.0	0.0	0.0	0.0	0	0
6869	285	0	250	250	300	300	0	0	0	60	0	0	0	0	0	0	0	0	0	0	0	0	0	0	0	0	0.0	0.0	0.0	0.0	0	0
6906	1088	463	250	250	300	300	0	0	0	60	0	0	0	0	0	0	0	0	0	0	0	0	0	0	0	0	0.0	0.0	0.0	0.0	0	0
6936	844	0	250	250	300	300	0	0	0	60	0	0	0	0	0	0	0	0	0	0	0	0	0	0	0	0	0.0	0.0	0.0	0.0	0	0
6973	949	800	250	250	300	300	0	0	0	60	0	0	0	0	0	0	0	0	0	0	0	0	0	0	0	0	0.0	0.0	0.0	0.0	0	0
7006	482	540	250	250	300	300	0	0	0	60	0	0	0	0	0	0	0	0	0	0	0	0	0	0	0	0	0.0	0.0	0.0	0.0	0	0
7036	795	426	250	250	300	300	0	0	0	60	0	0	0	0	0	0	0	0	0	0	0	0	0	0	0	0	0.0	0.0	0.0	0.0	0	0
7073	683	800	250	250	300	300	0	0	0	60	0	0	0	0	0	0	0	0	0	0	0	0	0	0	0	0	0.0	0.0	0.0	0.0	0	0
7104	619	41	250	250	300	300	0	0	0	60	0	0	0	0	0	0	0	0	0	0	0	0	0	0	0	0	0.0	0.0	0.0	0.0	0	0
7137	817	558	250	250	300	300	0	0	0	60	0	0	0	0	0	0	0	0	0	0	0	0	0	0	0	0	0.0	0.0	0.0	0.0	0	0
7172	1187	511	250	250	300	300	0	0	0	60	0	0	0	0	0	0	0	0	0	0	0	0	0	0	0	0	0.0	0.0	0.0	0.0	0	0
7206	419	800	250	250	300	300	0	0	0	60	0	0	0	0	0	0	0	0	0	0	0	0	0	0	0	0	0.0	0.0	0.0	0.0	0	0
7238	514	66	250	250	300	300	0	0	0	60	0	0	0	0	0	0	0	0	0	0	0	0	0	0	0	0	0.0	0.0	0.0	0.0	0	0
7272	575	443	250	250	300	300	0	0	0	60	0	0	0	0	0	0	0	0	0	0	0	0	0	0	0	0	0.0	0.0	0.0	0.0	0	0
7304	525	315	250	250	300	300	0	0	0	60	0	0	0	0	0	0	0	0	0	0	0	0	0	0	0	0	0.0	0.0	0.0	0.0	0	0
7338	1280	564	250	250	300	300	0	0	0	60	0	0	0	0	0	0	0	0	0	0	0	0	0	0	0	0	0.0	0.0	0.0	0.0	0	0
7371	600	405	250	250	300	300	0	0	0	60	0	0	0	0	0	0	0	0	0	0	0	0	0	0	0	0	0.0	0.0	0.0	0.0	0	0
7405	584	216	250	250	300	300	0	0	0	60	0	0	0	0	0	0	0	0	0	0	0	0	0	0	0	0	0.0	0.0	0.0	0.0	0	0
7439	365	210	250	250	300	300	0	0	0	60	0	0	0	0	0	0	0	0	0	0	0	0	0	0	0	0	0.0	0.0	0.0	0.0	0	0
7471	723	409	250	250	300	300	0	0	0	60	0	0	0	0	0	0	0	0	0	0	0	0	0	0	0	0	0.0	0.0	0.0	0.0	0	0
7504	939	666	250	250	300	300	0	0	0	60	0	0	0	0	0	0	0	0	0	0	0	0	0	0	0	0	0.0	0.0	0.0	0.0	0	0
7540	295	274	250	250	300	300	0	0	0	60	0	0	0	0	0	0	0	0	0	0	0	0	0	0	0	0	0.0	0.0	0.0	0.0	0	0
7574	908	10	250	250	300	300	0	0	0	60	0	0	0	0	0	0	0	0	0	0	0	0	0	0	0	0	0.0	0.0	0.0	0.0	0	0
7604	313	714	250	250	300	300	0	0	0	60	0	0	0	0	0	0	0	0	0	0	0	0	0	0	0	0	0.0	0.0	0.0	0.0	0	0
7638	484	589	250	250	300	300	0	0	0	60	0	0	0	0	0	0	0	0	0	0	0	0	0	0	0	0	0.0	0.0	0.0	0.0	0	0
7671	1128	67	250	250	300	300	0	0	0	60	0	0	0	0	0	0	0	0	0	0	0	0	0	0	0	0	0.0	0.0	0.0	0.0	0	0
7704	493	800	250	250	300	300	0	0	0	60	0	0	0	0	0	0	0	0	0	0	0	0	0	0	0	0	0.0	0.0	0.0	0.0	0	0
7740	783	343	250	250	300	300	0	0	0	60	0	0	0	0	0	0	0	0	0	0	0	0	0	0	0	0	0.0	0.0	0.0	0.0	0	0
7771	742	180	250	250	300	300	0	0	0	60	0	0	0	0	0	0	0	0	0	0	0	0	0	0	0	0	0.0	0.0	0.0	0.0	0	0
7802	917	35	250	250	300	300	0	0	0	60	0	0	0	0	0	0	0	0	0	0	0	0	0	0	0	0	0.0	0.0	0.0	0.0	0	0
7837	838	295	250	250	300	300	0	0	0	60	0	0	0	0	0	0	0	0	0	0	0	0	0	0	0	0	0.0	0.0	0.0	0.0	0	0
7869	679	531	250	250	300	300	0	0	0	60	0	0	0	0	0	0	0	0	0	0	0	0	0	0	0	0	0.0	0.0	0.0	0.0	0	0
7904	669	688	250	250	300	300	0	0	0	60	0	0	0	0	0	0	0	0	0	0	0	0	0	0	0	0	0.0	0.0	0.0	0.0	0	0
7937	455	800	250	250	300	300	0	0	0	60	0	0	0	0	0	0	0	0	0	0	0	0	0	0	0	0	0.0	0.0	0.0	0.0	0	0
7969	76	201	250	250	300	300	0	0	0	60	0	0	0	0	0	0	0	0	0	0	0	0	0	0	0	0	0.0	0.0	0.0	0.0	0	0
8002	507	519	250	250	300	300	0	0	0	60	0	0	0	0	0	0	0	0	0	0	0	0	0	0	0	0	0.0	0.0	0.0	0.0	0	0
8037	738	377	250	250	300	300	0	0	0	60	0	0	0	0	0	0	0	0	0	0	0	0	0	0	0	0	0.0	0.0	0.0	0.0	0	0
8070	191	305	250	250	300	300	0	0	0	60	0	0	0	0	0	0	0	0	0	0	0	0	0	0	0	0	0.0	0.0	0.0	0.0	0	0
8103	495	440	250	250	300	300	0	0	0	60	0	0	0	0	0	0	0	0	0	0	0	0	0	0	0	0	0.0	0.0	0.0	0.0	0	0
8137	319	294	250	250	300	300	0	0	0	60	0	0	0	0	0	0	0	0	0	0	0	0	0	0	0	0	0.0	0.0	0.0	0.0	0	0
8170	246	176	250	250	300	300	0	0	0	60	0	0	0	0	0	0	0	0	0	0	0	0	0	0	0	0	0.0	0.0	0.0	0.0	0	0
8203	66	207	250	250	300	300	0	0	0	60	0	0	0	0	0	0	0	0	0	0	0	0	0	0	0	0	0.0	0.0	0.0	0.0	0	0
8236	769	445	250	250	300	300	0	0	0	60	0	0	0	0	0	0	0	0	0	0	0	0	0	0	0	0	0.0	0.0	0.0	0.0	0	0
8269	689	365	250	250	300	300	0	0	0	60	0	0	0	0	0	0	0	0	0	0	0	0	0	0	0	0	0.0	0.0	0.0	0.0	0	0
8303	253	0	250	250	300	300	0	0	0	60	0	0	0	0	0	0	0	0	0	0	0	0	0	0	0	0	0.0	0.0	0.0	0.0	0	0
8336	265	437	250	250	300	300	0	0	0	60	0	0	0	0	0	0	0	0	0	0	0	0	0	0	0	0	0.0	0.0	0.0	0.0	0	0
8369	889	347	250	250	300	300	0	0	0	60	0	0	0	0	0	0	0	0	0	0	0	0	0	0	0	0	0.0	0.0	0.0	0.0	0	0
8402	212	450	250	250	300	300	0	0	0	60	0	0	0	0	0	0	0	0	0	0	0	0	0	0	0	0	0.0	0.0	0.0	0.0	0	0
8441	843	619	250	250	300	300	0	0	0	60	0	0	0	0	0	0	0	0	0	0	0	0	0	0	0	0	0.0	0.0	0.0	0.0	0	0
8469	812	444	250	250	300	300	0	0	0	60	0	0	0	0	0	0	0	0	0	0	0	0	0	0	0	0	0.0	0.0	0.0	0.0	0	0
8508	758	504	250	250	300	300	0	0	0	60	0	0	0	0	0	0	0	0	0	0	0	0	0	0	0	0	0.0	0.0	0.0	0.0	0	0
8537	757	379	250	250	300	300	0	0	0	60	0	0	0	0	0	0	0	0	0	0	0	0	0	0	0	0	0.0	0.0	0.0	0.0	0	0
8574	951	401	250	250	300	300	0	0	0	60	0	0	0	0	0	0	0	0	0	0	0	0	0	0	0	0	0.0	0.0	0.0	0.0	0	0
8603	672	405	250	250	300	300	0	0	0	60	0	0	0	0	0	0	0	0	0	0	0	0	0	0	0	0	0.0	0.0	0.0	0.0	0	0
8635	64	748	250	250	300	300	0	0	0	60	0	0	0	0	0	0	0	0	0	0	0	0	0	0	0	0	0.0	0.0	0.0	0.0	0	0
8668	718	796	250	250	300	300	0	0	0	60	0	0	0	0	0	0	0	0	0	0	0	0	0	0	0	0	0.0	0.0	0.0	0.0	0	0
8704	550	543	250	250	300	300	0	0	0	60	0	0	0	0	0	0	0	0	0	0	0	0	0	0	0	0	0.0	0.0	0.0	0.0	0	0
8736	98	541	250	250	300	300	0	0	0	60	0	0	0	0	0	0	0	0	0	0	0	0	0	0	0	0	0.0	0.0	0.0	0.0	0	0
8774	531	208	250	250	300	300	0	0	0	60	0	0	0	0	0	0	0	0	0	0	0	0	0	0	0	0	0.0	0.0	0.0	0.0	0	0
8802	984	325	250	250	300	300	0	0	0	60	0	0	0	0	0	0	0	0	0	0	0	0	0	0	0	0	0.0	0.0	0.0	0.0	0	0
8840	1009	267	250	250	300	300	0	0	0	60	0	0	0	0	0	0	0	0	0	0	0	0	0	0	0	0	0.0	0.0	0.0	0.0	0	0
8869	548	761	250	250	300	300	0	0	0	60	0	0	0	0	0	0	0	0	0	0	0	0	0	0	0	0	0.0	0.0	0.0	0.0	0	0
8904	345	497	250	250	300	300	0	0	0	60	0	0	0	0	0	0	0	0	0	0	0	0	0	0	0	0	0.0	0.0	0.0	0.0	0	0
8936	694	800	866	886	70	68	0	0	0	60	0	0	0	0	0	0	1	0	0	0	0	0	0	0	0	0	0.0	0.0	0.0	0.0	0	0
8974	603	366	158	115	344	114	198	132	138	180	0	0	0	0	0	0	1	0	0	0	0	0	0	0	0	0	0.0	0.0	0.0	0.0	0	0
9004	541	530	556	968	240	214	161	130	239	0	0	0	0	0	0	0	1	0	0	0	0	0	0	0	0	0	0.0	0.0	0.0	0.0	0	0
9036	1176	145	319	435	393	152	62	179	196	87	0	0	0	0	0	0	1	0	0	0	0	0	0	0	0	0	0.0	0.0	0.0	0.0	0	0
9071	1280	342	319	435	393	152	250	245	50	198	0	0	0	0	0	0	0	0	0	0	0	0	0	0	0	0	0.0	0.0	0.0	0.0	0	0
9108	532	359	319	435	393	152	250	245	50	198	0	0	0	0	0	0	0	0	0	0	0	0	0	0	0	0	0.0	0.0	0.0	0.0	0	0
9136	309	435	319	435	393	152	250	245	50	198	0	0	0	0	0	0	0	0	0	0	0	0	0	0	0	0	0.0	0.0	0.0	0.0	0	0
9171	838	218	319	435	393	152	250	245	50	198	0	0	0	0	0	0	0	0	0	0	0	0	0	0	0	0	0.0	0.0	0.0	0.0	0	0
9203	83	128	319	435	393	152	250	245	50	198	0	0	0	0	0	0	0	0	0	0	0	0	0	0	0	0	0.0	0.0	0.0	0.0	0	0
9235	447	145	319	435	393	152	250	245	50	198	0	0	0	0	0	0	0	0	0	0	0	0	0	0	0	0	0.0	0.0	0.0	0.0	0	0
9271	662	466	319	435	393	152	250	245	50	198	0	0	0	0	0	0	0	0	0	0	0	0	0	0	0	0	0.0	0.0	0.0	0.0	0	0
9303	227	409	319	435	393	152	250	245	50	198	0	0	0	0	0	0	0	0	0	0	0	0	0	0	0	0	0.0	0.0	0.0	0.0	0	0
9335	1280	448	319	435	393	152	250	245	50	198	0	0	0	0	0	0	0	0	0	0	0	0	0	0	0	0	0.0	0.0	0.0	0.0	0	0
9370	776	388	319	435	393	152	250	245	50	198	0	0	0	0	0	0	0	0	0	0	0	0	0	0	0	0	0.0	0.0	0.0	0.0	0	0
9404	1025	447	319	435	393	152	250	245	50	198	0	0	0	0	0	0	0	0	0	0	0	0	0	0	0	0	0.0	0.0	0.0	0.0	0	0
9437	739	439	319	435	393	152	250	245	50	198	0	0	0	0	0	0	0	0	0	0	0	0	0	0	0	0	-0.19215685	-0.15294117	0.0	0.0	-2	0
9472	313	306	319	435	393	152	250	245	50	198	0	0	0	0	0	0	0	0	0	0	0	0	0	0	0	0	-0.5137255	-0.29411763	0.0	0.0	-11	0
9504	0	429	319	435	393	152	250	245	50	198	0	0	0	0	0	0	0	0	0	0	0	0	0	0	0	0	-0.8666667	-0.38039213	0.0	0.0	-25	0
9537	383	308	319	435	393	152	250	245	50	198	0	0	0	0	0	0	0	0	0	0	0	0	0	0	0	0	-0.9843137	-0.32549018	0.0	0.0	-33	0
9570	0	353	319	435	393	152	250	245	50	198	0	0	0	0	0	0	0	0	0	0	0	0	0	0	0	0	-0.69411767	0.0	0.0	0.0	-35	0
9603	458	424	319	435	393	152	250	245	50	198	0	0	0	0	0	0	0	0	0	0	0	0	0	0	0	0	-0.27058822	0.0	0.0	0.0	-14	0
9637	785	394	319	435	393	152	250	245	50	198	0	0	0	0	0	0	0	0	0	0	0	0	0	0	0	0	-0.16862744	0.0	0.0	0.0	-9	0
9672	1090	339	319	435	393	152	250	245	50	198	0	0	0	0	0	0	0	0	0	0	0	0	0	0	0	0	-0.15294117	0.0	0.0	0.0	-8	0
9707	589	101	319	435	393	152	250	245	50	198	0	0	0	0	0	0	0	0	0	0	0	0	0	0	0	0	-0.12156862	0.0	0.105882406	0.0	-7	5
9741	517	339	319	435	393	152	250	245	50	198	0	0	0	0	0	0	0	0	0	0	0	0	0	0	0	0	0.0	0.0	0.105882406	0.0	0	5
9769	303	169	319	435	393	152	250	245	50	198	0	0	0	0	0	0	0	0	0	0	0	0	0	0	0	0	0.0	0.0	0.105882406	0.0	0	5
9802	740	421	319	435	393	152	250	245	50	198	0	0	0	0	0	0	0	0	0	0	0	0	0	0	0	0	0.0	0.0	0.0	-0.15294117	0	7
9836	937	426	319	435	393	152	250	245	50	198	0	0	0	0	0	0	0	0	0	0	0	0	0	0	0	0	0.26274514	0.16078436	0.0	-0.19215685	5	9
9869	543	400	319	435	393	152	250	245	50	198	0	0	0	0	0	0	0	0	0	0	0	0	0	0	0	0	0.48235297	0.24705887	0.0	-0.19999999	11	9
9903	769	348	319	435	393	152	250	245	50	198	0	0	0	0	0	0	0	0	0	0	0	0	0	0	0	0	0.8117647	0.34901965	0.0	-0.35686272	23	17
9936	718	248	319	435	393	152	250	245	50	198	0	0	0	0	0	0	0	0	0	0	0	0	0	0	0	0	0.92156863	0.37254906	0.0	-0.52156866	27	26
9969	1216	294	319	435	393	152	250	245	50	198	0	0	0	0	0	0	0	0	0	0	0	0	0	0	0	0	0.9372549	0.38823533	0.0	-0.69411767	27	34
10005	348	492	319	435	393	152	250	245	50	198	0	0	0	0	0	0	0	0	0	0	0	0	0	0	0	0	0.9372549	0.4039216	0.0	-0.7176471	26	35
10036	847	575	319	435	393	152	250	245	50	198	0	0	0	0	0	0	0	0	0	0	0	0	0	0	0	0	0.7411765	0.27058828	0.0	-0.6862745	23	34
10069	614	524	319	435	393	152	250	245	50	198	0	0	0	0	0	0	0	0	0	0	0	0	0	0	0	0	0.37254906	0.0	-0.16862744	-0.5058824	18	16
10108	1280	284	319	435	393	152	250	245	50	198	0	0	0	0	0	0	0	0	0	0	0	0	0	0	0	0	0.15294123	-0.20784312	-0.19215685	-0.26274508	18	3
10140	198	349	319	435	393	152	250	245	50	198	0	0	0	0	0	0	0	0	0	0	0	0	0	0	0	0	0.0	-0.24705881	-0.14509803	0.0	12	-8
10168	0	156	319	435	393	152	250	245	50	198	0	0	0	0	0	0	0	0	0	0	0	0	0	0	0	0	0.0	-0.2862745	0.0	0.0	14	0
10202	272	251	319	435	393	152	250	245	50	198	0	0	0	0	0	0	0	0	0	0	0	0	0	0	0	0	0.0	-0.26274508	0.0	0.22352946	13	-12
10240	970	768	319	435	393	152	250	245	50	198	0	0	0	0	0	0	0	0	0	0	0	0	0	0	0	0	0.0	-0.18431371	0.0	0.26274514	9	-14
10272	726	290	319	435	393	152	250	245	50	198	0	0	0	0	0	0	0	0	0	0	0	0	0	0	0	0	0.0	0.0	0.0	0.27843142	0	-14
10307	0	520	319	435	393	152	250	245	50	198	0	0	0	0	0	0	0	0	0	0	0	0	0	0	0	0	0.0	0.0	0.0	0.13725495	0	-7
10335	937	385	319	435	393	152	250	245	50	198	0	0	0	0	0	0	0	0	0	0	0	0	0	0	0	0	0.0	0.0	0.0	0.0	0	0
10374	496	291	319	435	393	152	250	245	50	198	0	0	0	0	0	0	0	0	0	0	0	0	0	0	0	0	0.0	0.0	0.0	0.0	0	0
10407	949	531	319	435	393	152	250	245	50	198	0	0	0	0	0	0	0	0	0	0	0	0	0	0	0	0	0.0	0.0	0.0	0.0	0	0
10440	492	427	319	435	393	152	250	245	50	198	0	0	0	0	0	0	0	0	0	0	0	0	0	0	0	0	0.0	0.0	0.0	0.0	0	0
10473	990	405	319	435	393	152	250	245	50	198	0	0	0	0	0	0	0	0	0	0	0	0	0	0	0	0	0.0	0.0	0.0	0.0	0	0
10506	87	428	319	435	393	152	250	245	50	198	0	0	0	0	0	0	0	0	0	0	0	0	0	0	0	0	0.0	0.0	0.0	0.0	0	0
10539	715	418	319	435	393	152	250	245	50	198	0	0	0	0	0	0	0	0	0	0	0	0	0	0	0	0	0.0	0.0	0.0	0.0	0	0
10572	441	456	319	435	393	152	250	245	50	198	0	0	0	0	0	0	0	0	0	0	0	0	0	0	0	0	0.0	0.0	0.0	0.0	0	0
10606	775	162	319	435	393	152	250	245	50	198	0	0	0	0	0	0	0	0	0	0	0	0	0	0	0	0	0.0	0.0	0.0	0.0	0	0
10640	672	310	319	435	393	152	250	245	50	198	0	0	0	0	0	0	0	0	0	0	0	0	0	0	0	0	0.0	0.0	0.0	0.0	0	0
10673	733	377	319	435	393	152	250	245	50	198	0	0	0	0	0	0	0	0	0	0	0	0	0	0	0	0	0.0	0.0	0.0	0.0	0	0
10706	14	26	319	435	393	152	250	245	50	198	0	0	0	0	0	0	0	0	0	0	0	0	0	0	0	0	0.0	0.0	0.0	0.0	0	0
10739	562	379	319	435	393	152	250	245	50	198	0	0	0	0	0	0	0	0	0	0	0	0	0	0	0	0	0.0	0.0	0.0	0.0	0	0
10773	644	124	854	607	106	189	250	245	50	198	0	0	0	0	0	0	1	0	0	0	0	0	0	0	0	0	0.0	0.0	0.0	0.0	0	0
10806	610	611	499	428	229	299	237	118	173	136	0	0	0	0	0	0	1	0	0	0	0	0	0	0	0	0	0.0	0.0	0.0	0.0	0	0
10839	681	638	617	555	160	179	171	86	136	153	0	0	0	0	0	0	1	0	0	0	0	0	0	0	0	0	0.0	0.0	0.0	0.0	0	0
10872	603	529	617	555	160	179	26	96	87	156	0	0	0	0	0	0	0	0	0	0	0	0	0	0	0	0	0.0	0.0	0.0	0.0	0	0
10905	640	254	617	555	160	179	26	96	87	156	0	0	0	0	0	0	0	0	0	0	0	0	0	0	0	0	0.0	0.0	0.0	0.0	0	0
10939	360	124	617	555	160	179	26	96	87	156	0	0	0	0	0	0	0	0	0	0	0	0	0	0	0	0	0.0	0.0	0.0	0.0	0	0
10972	825	714	617	555	160	179	26	96	87	156	0	0	0	0	0	0	0	0	0	0	0	0	0	0	0	0	0.0	0.0	0.0	0.0	0	0
11005	383	48	617	555	160	179	26	96	87	156	0	0	0	0	0	0	0	0	0	0	0	0	0	0	0	0	0.0	0.0	0.0	0.0	0	0
11039	770	0	617	555	160	179	26	96	87	156	0	0	0	0	0	0	0	0	0	0	0	0	0	0	0	0	0.0	0.0	0.0	0.0	0	0
11072	777	465	617	555	160	179	26	96	87	156	0	0	0	0	0	0	0	0	0	0	0	0	0	0	0	0	0.0	0.0	0.0	0.0	0	0
11104	709	632	617	555	160	179	26	96	87	156	0	0	0	0	0	0	0	0	0	0	0	0	0	0	0	0	0.0	0.0	0.0	0.0	0	0
11139	744	433	617	555	160	179	26	96	87	156	0	0	0	0	0	0	0	0	0	0	0	0	0	0	0	0	0.0	0.0	-0.12156862	-0.17647058	0	2
11171	657	800	617	555	160	179	26	96	87	156	0	0	0	0	0	0	0	0	0	0	0	0	0	0	0	0	0.15294123	0.0	-0.1607843	-0.3098039	7	7
11206	507	524	617	555	160	179	26	96	87	156	0	0	0	0	0	0	0	0	0	0	0	0	0	0	0	0	0.26274514	0.0	-0.18431371	-0.35686272	13	8
11239	719	561	617	555	160	179	26	96	87	156	0	0	0	0	0	0	0	0	0	0	0	0	0	0	0	0	0.3411765	0.17647064	-0.19999999	-0.42745095	8	11
11273	933	619	617	555	160	179	26	96	87	156	0	0	0	0	0	0	0	0	0	0	0	0	0	0	0	0	0.427451	0.20784318	-0.21568626	-0.4588235	10	12
11306	667	455	617	555	160	179	26	96	87	156	0	0	0	0	0	0	0	0	0	0	0	0	0	0	0	0	0.427451	0.20784318	-0.21568626	-0.5058824	10	14
11338	608	478	617	555	160	179	26	96	87	156	0	0	0	0	0	0	0	0	0	0	0	0	0	0	0	0	0.427451	0.20784318	-0.21568626	-0.7176471	10	25
11372	659	612	617	555	160	179	26	96	87	156	0	0	0	0	0	0	0	0	0	0	0	0	0	0	0	0	0.427451	0.20784318	-0.18431371	-1.0	10	40
11406	531	119	617	555	160	179	26	96	87	156	0	0	0	0	0	0	0	0	0	0	0	0	0	0	0	0	0.4666667	0.27058828	-0.18431371	-1.0	9	40
11439	756	355	617	555	160	179	26	96	87	156	0	0	0	0	0	0	0	0	0	0	0	0	0	0	0	0	0.49803925	0.2941177	-0.18431371	-1.0	10	40
11472	878	382	617	555	160	179	26	96	87	156	0	0	0	0	0	0	0	0	0	0	0	0	0	0	0	0	0.52156866	0.12156868	-0.16862744	-1.0	19	41
11507	869	424	617	555	160	179	26	96	87	156	0	0	0	0	0	0	0	0	0	0	0	0	0	0	0	0	0.3176471	-0.17647058	-0.21568626	-0.67058825	24	22
11538	674	557	617	555	160	179	26	96	87	156	0	0	0	0	0	0	0	0	0	0	0	0	0	0	0	0	0.0	-0.30196077	-0.21568626	-0.36470586	15	7
11570	650	356	617	555	160	179	26	96	87	156	0	0	0	0	0	0	0	0	0	0	0	0	0	0	0	0	0.0	-0.40392154	-0.14509803	0.0	20	-8
11604	687	284	617	555	160	179	26	96	87	156	0	0	0	0	0	0	0	0	0	0	0	0	0	0	0	0	0.0	-0.5529412	0.0	0.0	27	0
11638	654	439	617	555	160	179	26	96	87	156	0	0	0	0	0	0	0	0	0	0	0	0	0	0	0	0	-0.1372549	-0.54509807	0.0	0.0	20	0
11670	629	164	617	555	160	179	26	96	87	156	0	0	0	0	0	0	0	0	0	0	0	0	0	0	0	0	0.0	-0.3490196	0.0	0.0	17	0
11704	991	543	617	555	160	179	26	96	87	156	0	0	0	0	0	0	0	0	0	0	0	0	0	0	0	0	0.0	-0.15294117	0.0	0.0	7	0
11736	357	360	617	555	160	179	26	96	87	156	0	0	0	0	0	0	0	0	0	0	0	0	0	0	0	0	0.0	0.0	0.0	0.0	0	0
11770	651	421	617	555	160	179	26	96	87	156	0	0	0	0	0	0	0	0	0	0	0	0	0	0	0	0	0.0	0.0	0.0	0.0	0	0
11803	623	123	617	555	160	179	26	96	87	156	0	0	0	0	0	0	0	0	0	0	0	0	0	0	0	0	0.0	0.0	0.0	0.0	0	0
11837	784	553	617	555	160	179	26	96	87	156	0	0	0	0	0	0	0	0	0	0	0	0	0	0	0	0	0.0	0.0	0.0	0.0	0	0
11873	644	790	617	555	160	179	26	96	87	156	0	0	0	0	0	0	0	0	0	0	0	0	0	0	0	0	0.0	0.0	0.0	0.0	0	0
11903	707	278	617	555	160	179	26	96	87	156	0	0	0	0	0	0	0	0	0	0	0	0	0	0	0	0	0.0	0.0	0.0	0.0	0	0
11937	397	279	617	555	160	179	26	96	87	156	0	0	0	0	0	0	0	0	0	0	0	0	0	0	0	0	0.0	0.0	0.0	0.0	0	0
11970	657	510	617	555	160	179	26	96	87	156	0	0	0	0	0	0	0	0	0	0	0	0	0	0	0	0	0.0	0.0	0.0	0.0	0	0
12002	402	73	373	561	71	262	26	96	87	156	0	0	0	0	0	0	1	0	0	0	0	0	0	0	0	0	0.0	0.0	0.0	0.0	0	0
12036	641	392	196	788	369	201	53	182	59	146	0	0	0	0	0	0	1	0	0	0	0	0	0	0	0	0	0.0	0.0	0.0	0.0	0	0
12070	929	286	718	46	188	376	66	24	236	152	0	0	0	0	0	0	1	0	0	0	0	0	0	0	0	0	0.0	0.0	0.0	0.0	0	0
12103	623	407	225	598	397	186	231	185	112	167	0	0	0	0	0	0	1	0	0	0	0	0	0	0	0	0	0.0	0.0	0.0	0.0	0	0
12136	223	719	225	598	397	186	92	34	111	55	0	0	0	0	0	0	0	0	0	0	0	0	0	0	0	0	0.0	0.0	0.0	0.0	0	0
12169	196	0	225	598	397	186	92	34	111	55	0	0	0	0	0	0	0	0	0	0	0	0	0	0	0	0	0.0	0.0	0.0	0.0	0	0
12203	1215	753	225	598	397	186	92	34	111	55	0	0	0	0	0	0	0	0	0	0	0	0	0	0	0	0	0.0	0.0	0.0	0.0	0	0
12236	627	579	225	598	397	186	92	34	111	55	0	0	0	0	0	0	0	0	0	0	0	0	0	0	0	0	0.0	0.0	0.0	0.0	0	0
12269	926	226	225	598	397	186	92	34	111	55	0	0	0	0	0	0	0	0	0	0	0	0	0	0	0	0	0.0	0.0	0.0	0.0	0	0
12302	922	571	225	598	397	186	92	34	111	55	0	0	0	0	0	0	0	0	0	0	0	0	0	0	0	0	0.0	0.0	0.0	0.0	0	0
12336	0	513	225	598	397	186	92	34	111	55	0	0	0	0	0	0	0	0	0	0	0	0	0	0	0	0	0.0	0.0	0.0	-0.10588235	0	5
12374	303	261	225	598	397	186	92	34	111	55	0	0	0	0	0	0	0	0	0	0	0	0	0	0	0	0	-0.2235294	0.0	-0.11372548	-0.16862744	-12	2
12403	648	313	225	598	397	186	92	34	111	55	0	0	0	0	0	0	0	0	0	0	0	0	0	0	0	0	-0.35686272	0.0	-0.1372549	-0.2235294	-18	4
12441	931	467	225	598	397	186	92	34	111	55	0	0	0	0	0	0	0	0	0	0	0	0	0	0	0	0	-0.4980392	-0.10588235	-0.14509803	-0.26274508	-20	5
12469	838	502	225	598	397	186	92	34	111	55	0	0	0	0	0	0	0	0	0	0	0	0	0	0	0	0	-0.54509807	-0.12156862	-0.14509803	-0.27058822	-22	6
12505	230	139	225	598	397	186	92	34	111	55	0	0	0	0	0	0	0	0	0	0	0	0	0	0	0	0	-0.42745095	0.0	-0.14509803	-0.27058822	-22	6
12540	228	387	225	598	397	186	92	34	111	55	0	0	0	0	0	0	0	0	0	0	0	0	0	0	0	0	-0.3333333	0.0	-0.1607843	-0.42745095	-17	13
12574	724	318	225	598	397	186	92	34	111	55	0	0	0	0	0	0	0	0	0	0	0	0	0	0	0	0	-0.3098039	0.0	-0.1607843	-0.5921569	-16	21
12602	996	382	225	598	397	186	92	34	111	55	0	0	0	0	0	0	0	0	0	0	0	0	0	0	0	0	-0.19215685	0.0	-0.1372549	-0.6156863	-10	23
12641	1167	438	225	598	397	186	92	34	111	55	0	0	0	0	0	0	0	0	0	0	0	0	0	0	0	0	0.0	0.0	-0.16862744	-0.6156863	0	22
12669	458	792	225	598	397	186	92	34	111	55	0	0	0	0	0	0	0	0	0	0	0	0	0	0	0	0	0.0	0.0	-0.21568626	-0.52156866	0	15
12704	89	497	225	598	397	186	92	34	111	55	0	0	0	0	0	0	0	0	0	0	0	0	0	0	0	0	0.0	-0.18431371	-0.2235294	-0.4352941	9	10
12736	0	634	225	598	397	186	92	34	111	55	0	0	0	0	0	0	0	0	0	0	0	0	0	0	0	0	0.0	-0.2862745	-0.23921567	-0.38039213	14	7
12775	392	186	225	598	397	186	92	34	111	55	0	0	0	0	0	0	0	0	0	0	0	0	0	0	0	0	-0.12156862	-0.49019605	-0.23921567	-0.2862745	18	2
12806	480	207	225	598	397	186	92	34	111	55	0	0	0	0	0	0	0	0	0	0	0	0	0	0	0	0	-0.15294117	-0.5764706	-0.23921567	-0.12941176	21	-6
12840	11	312	225	598	397	186	92	34	111	55	0	0	0	0	0	0	0	0	0	0	0	0	0	0	0	0	-0.15294117	-0.5764706	0.0	0.0	21	0
12872	457	278	225	598	397	186	92	34	111	55	0	0	0	0	0	0	0	0	0	0	0	0	0	0	0	0	-0.19215685	-0.5921569	0.0	0.0	20	0
12903	548	381	225	598	397	186	92	34	111	55	0	0	0	0	0	0	0	0	0	0	0	0	0	0	0	0	-0.36470586	-0.5921569	0.0	0.0	11	0
12937	427	456	225	598	397	186	92	34	111	55	0	0	0	0	0	0	0	0	0	0	0	0	0	0	0	0	-0.62352943	-0.64705884	0.0	0.17647064	1	-9
12975	512	233	225	598	397	186	92	34	111	55	0	0	0	0	0	0	0	0	0	0	0	0	0	0	0	0	-0.7019608	-0.6313726	0.11372554	0.19215691	-4	-4
13004	681	319	225	598	397	186	92	34	111	55	0	0	0	0	0	0	0	0	0	0	0	0	0	0	0	0	-0.7176471	-0.52156866	0.2313726	0.19215691	-10	1
13041	842	255	225	598	397	186	92	34	111	55	0	0	0	0	0	0	0	0	0	0	0	0	0	0	0	0	-0.54509807	-0.32549018	0.34901965	0.17647064	-11	8
13073	1170	384	225	598	397	186	92	34	111	55	0	0	0	0	0	0	0	0	0	0	0	0	0	0	0	0	-0.32549018	-0.15294117	0.37254906	0.16078436	-9	10
13102	499	521	225	598	397	186	92	34	111	55	0	0	0	0	0	0	0	0	0	0	0	0	0	0	0	0	-0.15294117	0.0	0.37254906	0.0	-8	18
13136	704	610	225	598	397	186	92	34	111	55	0	0	0	0	0	0	0	0	0	0	0	0	0	0	0	0	-0.14509803	0.0	0.37254906	-0.14509803	-8	25
13174	796	320	225	598	397	186	92	34	111	55	0	0	0	0	0	0	0	0	0	0	0	0	0	0	0	0	-0.14509803	0.0	0.30980396	-0.23921567	-8	27
13207	296	393	225	598	397	186	92	34	111	55	0	0	0	0	0	0	0	0	0	0	0	0	0	0	0	0	-0.1372549	0.0	0.20784318	-0.27058822	-7	23
13239	702	428	225	598	397	186	92	34	111	55	0	0	0	0	0	0	0	0	0	0	0	0	0	0	0	0	-0.1372549	0.0	0.0	-0.29411763	-7	14
13274	591	633	225	598	397	186	92	34	111	55	0	0	0	0	0	0	0	0	0	0	0	0	0	0	0	0	-0.1372549	0.13725495	0.0	-0.3098039	-14	15
13304	76	324	225	598	397	186	92	34	111	55	0	0	0	0	0	0	0	0	0	0	0	0	0	0	0	0	-0.1372549	0.13725495	0.0	-0.31764704	-14	15
13340	1280	800	225	598	397	186	92	34	111	55	0	0	0	0	0	0	0	0	0	0	0	0	0	0	0	0	0.0	0.13725495	0.0	-0.31764704	-7	15
13374	840	749	225	598	397	186	92	34	111	55	0	0	0	0	0	0	0	0	0	0	0	0	0	0	0	0	0.0	0.0	-0.21568626	-0.36470586	0	7
13403	215	281	225	598	397	186	92	34	111	55	0	0	0	0	0	0	0	0	0	0	0	0	0	0	0	0	0.0	0.0	-0.31764704	-0.41176468	0	4
13440	0	205	225	598	397	186	92	34	111	55	0	0	0	0	0	0	0	0	0	0	0	0	0	0	0	0	0.0	0.0	-0.34117645	-0.41176468	0	3
13470	587	289	225	598	397	186	92	34	111	55	0	0	0	0	0	0	0	0	0	0	0	0	0	0	0	0	0.22352946	0.0	-0.38039213	-0.36470586	11	-1
13504	189	457	225	598	397	186	92	34	111	55	0	0	0	0	0	0	0	0	0	0	0	0	0	0	0	0	0.2313726	-0.12156862	-0.41960782	-0.29411763	17	-7
13539	261	602	225	598	397	186	92	34	111	55	0	0	0	0	0	0	0	0	0	0	0	0	0	0	0	0	0.1686275	-0.19999999	-0.42745095	-0.23921567	18	-10
13573	587	295	225	598	397	186	92	34	111	55	0	0	0	0	0	0	0	0	0	0	0	0	0	0	0	0	0.0	-0.24705881	-0.44313723	-0.14509803	12	-15
13607	723	14	225	598	397	186	92	34	111	55	0	0	0	0	0	0	0	0	0	0	0	0	0	0	0	0	0.0	-0.26274508	-0.4588235	0.0	13	-23
13639	1280	201	225	598	397	186	92	34	111	55	0	0	0	0	0	0	0	0	0	0	0	0	0	0	0	0	0.0	-0.30196077	-0.4823529	0.0	15	-25
13671	816	237	225	598	397	186	92	34	111	55	0	0	0	0	0	0	0	0	0	0	0	0	0	0	0	0	0.0	-0.31764704	-0.4823529	0.0	15	-25
13704	806	501	225	598	397	186	92	34	111	55	0	0	0	0	0	0	0	0	0	0	0	0	0	0	0	0	0.0	-0.31764704	-0.4823529	0.0	15	-25
13739	280	331	225	598	397	186	92	34	111	55	0	0	0	0	0	0	0	0	0	0	0	0	0	0	0	0	0.0	-0.2862745	-0.4823529	0.0	14	-25
13773	413	489	225	598	397	186	92	34	111	55	0	0	0	0	0	0	0	0	0	0	0	0	0	0	0	0	0.0	-0.18431371	-0.4823529	0.0	9	-25
13806	380	287	225	598	397	186	92	34	111	55	0	0	0	0	0	0	0	0	0	0	0	0	0	0	0	0	0.0	-0.1607843	-0.38039213	0.0	8	-20
13841	1262	357	225	598	397	186	92	34	111	55	0	0	0	0	0	0	0	0	0	0	0	0	0	0	0	0	0.0	-0.21568626	0.0	0.0	10	0
13872	493	212	225	598	397	186	92	34	111	55	0	0	0	0	0	0	0	0	0	0	0	0	0	0	0	0	-0.2235294	-0.3490196	0.0	0.0	6	0
13905	810	351	225	598	397	186	92	34	111	55	0	0	0	0	0	0	0	0	0	0	0	0	0	0	0	0	-0.46666664	-0.5686275	0.0	0.0	5	0
13938	416	0	225	598	397	186	92	34	111	55	0	0	0	0	0	0	0	0	0	0	0	0	0	0	0	0	-0.62352943	-0.7176471	0.0	0.0	4	0
13972	48	483	225	598	397	186	92	34	111	55	0	0	0	0	0	0	0	0	0	0	0	0	0	0	0	0	-0.46666664	-0.6313726	0.0	0.0	8	0
14005	826	257	225	598	397	186	92	34	111	55	0	0	0	0	0	0	0	0	0	0	0	0	0	0	0	0	-0.32549018	-0.52156866	0.0	0.0	9	0
14036	831	97	225	598	397	186	92	34	111	55	0	0	0	0	0	0	0	0	0	0	0	0	0	0	0	0	0.0	-0.32549018	0.0	0.0	16	0
14069	886	525	225	598	397	186	92	34	111	55	0	0	0	0	0	0	0	0	0	0	0	0	0	0	0	0	0.0	-0.29411763	0.0	0.0	14	0
14103	1102	218	225	598	397	186	92	34	111	55	0	0	0	0	0	0	0	0	0	0	0	0	0	0	0	0	0.0	-0.2862745	0.20784318	-0.10588235	14	15
14136	535	558	225	598	397	186	92	34	111	55	0	0	0	0	0	0	0	0	0	0	0	0	0	0	0	0	0.11372554	-0.24705881	0.35686278	-0.15294117	18	25
14172	312	395	225	598	397	186	92	34	111	55	0	0	0	0	0	0	0	0	0	0	0	0	0	0	0	0	0.11372554	-0.30196077	0.4666667	-0.17647058	20	32
14205	1120	336	225	598	397	186	92	34	111	55	0	0	0	0	0	0	0	0	0	0	0	0	0	0	0	0	0.0	-0.34117645	0.47450984	-0.12941176	17	30
14235	1103	377	225	598	397	186	92	34	111	55	0	0	0	0	0	0	0	0	0	0	0	0	0	0	0	0	0.0	-0.31764704	0.35686278	0.0	15	17
14270	250	245	225	598	397	186	92	34	111	55	0	0	0	0	0	0	0	0	0	0	0	0	0	0	0	0	0.0	0.0	0.11372554	0.0	0	5
14304	800	621	225	598	397	186	92	34	111	55	0	0	0	0	0	0	0	0	0	0	0	0	0	0	0	0	0.0	0.0	0.0	0.0	0	0
14335	35	800	225	598	397	186	92	34	111	55	0	0	0	0	0	0	0	0	0	0	0	0	0	0	0	0	0.0	0.0	0.0	0.0	0	0
14371	864	367	225	598	397	186	92	34	111	55	0	0	0	0	0	0	0	0	0	0	0	0	0	0	0	0	0.0	0.0	0.0	0.0	0	0
14407	435	351	225	598	397	186	92	34	111	55	0	0	0	0	0	0	0	0	0	0	0	0	0	0	0	0	0.0	0.0	0.0	0.0	0	0
14439	987	335	225	598	397	186	92	34	111	55	0	0	0	0	0	0	0	0	0	0	0	0	0	0	0	0	0.0	0.0	0.0	0.0	0	0
14471	1280	632	225	598	397	186	92	34	111	55	0	0	0	0	0	0	0	0	0	0	0	0	0	0	0	0	0.0	0.0	0.0	0.0	0	0
14505	1280	422	225	598	397	186	92	34	111	55	0	0	0	0	0	0	0	0	0	0	0	0	0	0	0	0	0.0	0.0	0.0	0.0	0	0
14537	753	507	225	598	397	186	92	34	111	55	0	0	0	0	0	0	0	0	0	0	0	0	0	0	0	0	0.0	0.0	0.0	0.0	0	0
14571	1233	481	225	598	397	186	92	34	111	55	0	0	0	0	0	0	0	0	0	0	0	0	0	0	0	0	0.0	0.0	0.30980396	0.17647064	0	6
14605	682	492	225	598	397	186	92	34	111	55	0	0	0	0	0	0	0	0	0	0	0	0	0	0	0	0	0.0	0.0	0.60784316	0.3803922	0	11
14638	946	486	225	598	397	186	92	34	111	55	0	0	0	0	0	0	0	0	0	0	0	0	0	0	0	0	0.0	0.0	0.0	0.0	0	0
14671	1097	607	225	598	397	186	92	34	111	55	0	0	0	0	0	0	0	0	0	0	0	0	0	0	0	0	0.0	0.0	0.0	0.0	0	0
14702	640	293	225	598	397	186	92	34	111	55	0	0	0	0	0	0	0	0	0	0	0	0	0	0	0	0	0.0	0.0	0.0	0.0	0	0
14736	0	471	225	598	397	186	92	34	111	55	0	0	0	0	0	0	0	0	0	0	0	0	0	0	0	0	0.0	0.0	0.0	0.0	0	0
14770	1273	448	225	598	397	186	92	34	111	55	0	0	0	0	0	0	0	0	0	0	0	0	0	0	0	0	0.0	0.0	-0.26274508	0.0	0	-14
14804	208	669	225	598	397	186	92	34	111	55	0	0	0	0	0	0	0	0	0	0	0	0	0	0	0	0	0.0	0.0	-0.372549	-0.14509803	0	-12
14837	88	476	225	598	397	186	92	34	111	55	0	0	0	0	0	0	0	0	0	0	0	0	0	0	0	0	0.0	0.0	-0.3490196	-0.14509803	0	-11
14870	583	0	225	598	397	186	92	34	111	55	0	0	0	0	0	0	0	0	0	0	0	0	0	0	0	0	0.0	0.0	-0.27843136	-0.15294117	0	-7
14904	901	291	225	598	397	186	92	34	111	55	0	0	0	0	0	0	0	0	0	0	0	0	0	0	0	0	0.0	0.0	-0.2235294	-0.17647058	0	-3
14938	775	130	225	598	397	186	92	34	111	55	0	0	0	0	0	0	0	0	0	0	0	0	0	0	0	0	0.0	0.0	-0.27843136	-0.35686272	0	3
14974	722	148	225	598	397	186	92	34	111	55	0	0	0	0	0	0	0	0	0	0	0	0	0	0	0	0	0.0	0.0	-0.56078434	-0.6862745	0	6
15004	1097	448	225	598	397	186	92	34	111	55	0	0	0	0	0	0	0	0	0	0	0	0	0	0	0	0	0.0	0.0	-1.0	-1.0	0	0
15038	301	416	225	598	397	186	92	34	111	55	0	0	0	0	0	0	0	0	0	0	0	0	0	0	0	0	0.0	0.0	-1.0	-1.0	0	0
15070	219	0	225	598	397	186	92	34	111	55	0	0	0	0	0	0	0	0	0	0	0	0	0	0	0	0	0.0	0.0	-1.0	-1.0	0	0
15104	26	800	225	598	397	186	92	34	111	55	0	0	0	0	0	0	0	0	0	0	0	0	0	0	0	0	0.0	0.0	-1.0	-1.0	0	0
15141	0	580	225	598	397	186	92	34	111	55	0	0	0	0	0	0	0	0	0	0	0	0	0	0	0	0	0.0	0.0	-1.0	-1.0	0	0
15171	749	97	225	598	397	186	92	34	111	55	0	0	0	0	0	0	0	0	0	0	0	0	0	0	0	0	0.0	0.0	-1.0	-1.0	0	0
15204	723	437	225	598	397	186	92	34	111	55	0	0	0	0	0	0	0	0	0	0	0	0	0	0	0	0	0.0	0.0	-1.0	-1.0	0	0
15237	197	372	225	598	397	186	92	34	111	55	0	0	0	0	0	0	0	0	0	0	0	0	0	0	0	0	0.0	0.0	-1.0	-0.75686276	0	-13
15270	112	344	225	598	397	186	92	34	111	55	0	0	0	0	0	0	0	0	0	0	0	0	0	0	0	0	0.0	0.0	-0.9137255	-0.5764706	0	-17
15302	743	504	225	598	397	186	92	34	111	55	0	0	0	0	0	0	0	0	0	0	0	0	0	0	0	0	0.0	0.0	-0.31764704	-0.10588235	0	-11
15340	307	626	225	598	397	186	92	34	111	55	0	0	0	0	0	0	0	0	0	0	0	0	0	0	0	0	0.0	0.0	0.15294123	0.24705887	0	-5
15372	29	147	225	598	397	186	92	34	111	55	0	0	0	0	0	0	0	0	0	0	0	0	0	0	0	0	0.0	0.0	0.4666667	0.3803922	0	4
15404	147	498	225	598	397	186	92	34	111	55	0	0	0	0	0	0	0	0	0	0	0	0	0	0	0	0	0.0	0.0	0.5137255	0.41960788	0	4
15436	1094	559	225	598	397	186	92	34	111	55	0	0	0	0	0	0	0	0	0	0	0	0	0	0	0	0	0.0	0.0	0.37254906	0.20784318	0	8
15471	843	565	225	598	397	186	92	34	111	55	0	0	0	0	0	0	0	0	0	0	0	0	0	0	0	0	0.0	0.0	0.0	0.0	0	0
15504	497	271	225	598	397	186	92	34	111	55	0	0	0	0	0	0	0	0	0	0	0	0	0	0	0	0	0.0	0.0	0.0	-0.14509803	0	7
15536	1064	446	225	598	397	186	92	34	111	55	0	0	0	0	0	0	0	0	0	0	0	0	0	0	0	0	0.0	0.0	0.0	-0.19215685	0	9
15570	184	501	225	598	397	186	92	34	111	55	0	0	0	0	0	0	0	0	0	0	0	0	0	0	0	0	0.0	0.0	0.0	-0.2862745	0	14
15607	667	296	225	598	397	186	92	34	111	55	0	0	0	0	0	0	0	0	0	0	0	0	0	0	0	0	0.0	0.0	0.0	-0.29411763	0	14
15636	791	248	225	598	397	186	92	34	111	55	0	0	0	0	0	0	0	0	0	0	0	0	0	0	0	0	0.0	0.0	0.38823533	-0.29411763	0	34
15672	1280	560	225	598	397	186	92	34	111	55	0	0	0	0	0	0	0	0	0	0	0	0	0	0	0	0	0.0	0.0	0.5294118	-0.29411763	0	41
15703	285	142	225	598	397	186	92	34	111	55	0	0	0	0	0	0	0	0	0	0	0	0	0	0	0	0	0.0	0.0	0.5137255	-0.19999999	0	35
15741	869	225	225	598	397	186	92	34	111	55	0	0	0	0	0	0	0	0	0	0	0	0	0	0	0	0	0.0	0.0	0.0	0.0	0	0
15770	781	171	225	598	397	186	92	34	111	55	0	0	0	0	0	0	0	0	0	0	0	0	0	0	0	0	0.0	0.0	0.0	0.0	0	0
15802	328	565	225	598	397	186	92	34	111	55	0	0	0	0	0	0	0	0	0	0	0	0	0	0	0	0	0.0	0.0	0.0	0.0	0	0
15840	698	264	225	598	397	186	92	34	111	55	0	0	0	0	0	0	0	0	0	0	0	0	0	0	0	0	0.0	0.0	0.0	0.0	0	0
15869	644	207	225	598	397	186	92	34	111	55	0	0	0	0	0	0	0	0	0	0	0	0	0	0	0	0	0.0	0.0	0.0	0.0	0	0
15907	791	736	848	455	367	217	92	34	111	55	0	0	0	0	0	0	1	0	0	0	0	0	0	0	0	0	0.0	0.0	0.0	0.0	0	0
15937	765	681	397	45	90	285	34	177	58	197	0	0	0	0	0	0	1	0	0	0	0	0	0	0	0	0	0.0	0.0	0.0	0.0	0	0
15971	579	52	690	153	374	296	230	26	150	57	0	0	0	0	0	0	1	0	0	0	0	0	0	0	0	0	0.0	0.0	0.0	0.0	0	0
16004	864	141	710	487	314	291	148	204	35	163	0	0	0	0	0	0	1	0	0	0	0	0	0	0	0	0	0.0	0.0	0.0	0.0	0	0
16037	833	800	39	924	310	292	97	97	73	130	0	0	0	0	0	0	1	0	0	0	0	0	0	0	0	0	0.0	0.0	0.0	0.0	0	0
16071	919	343	39	924	310	292	69	77	146	119	0	0	0	0	0	0	0	0	0	0	0	0	0	0	0	0	0.0	0.0	0.0	0.0	0	0
16104	830	209	39	924	310	292	69	77	146	119	0	0	0	0	0	0	0	0	0	0	0	0	0	0	0	0	0.0	0.0	0.0	0.0	0	0
16140	773	726	39	924	310	292	69	77	146	119	0	0	0	0	0	0	0	0	0	0	0	0	0	0	0	0	0.0	0.0	0.0	0.0	0	0
16170	480	629	39	924	310	292	69	77	146	119	0	0	0	0	0	0	0	0	0	0	0	0	0	0	0	0	0.0	0.0	0.0	0.0	0	0
16202	277	433	39	924	310	292	69	77	146	119	0	0	0	0	0	0	0	0	0	0	0	0	0	0	0	0	0.15294123	0.0	0.0	0.0	7	0
16239	966	329	39	924	310	292	69	77	146	119	0	0	0	0	0	0	0	0	0	0	0	0	0	0	0	0	0.33333337	0.0	0.0	0.0	16	0
16272	992	346	39	924	310	292	69	77	146	119	0	0	0	0	0	0	0	0	0	0	0	0	0	0	0	0	0.41176474	0.0	0.0	-0.12941176	20	6
16303	416	645	39	924	310	292	69	77	146	119	0	0	0	0	0	0	0	0	0	0	0	0	0	0	0	0	0.41176474	0.0	0.0	-0.14509803	20	7
16340	751	475	39	924	310	292	69	77	146	119	0	0	0	0	0	0	0	0	0	0	0	0	0	0	0	0	0.41176474	-0.14509803	-0.16862744	-0.2235294	27	2
16373	533	297	39	924	310	292	69	77	146	119	0	0	0	0	0	0	0	0	0	0	0	0	0	0	0	0	0.33333337	-0.27058822	-0.23921567	-0.29411763	30	2
16402	1152	366	39	924	310	292	69	77	146	119	0	0	0	0	0	0	0	0	0	0	0	0	0	0	0	0	0.30196083	-0.31764704	-0.26274508	-0.29411763	30	1
16437	560	135	39	924	310	292	69	77	146	119	0	0	0	0	0	0	0	0	0	0	0	0	0	0	0	0	0.2313726	-0.372549	-0.27058822	-0.29411763	30	1
16469	576	0	39	924	310	292	69	77	146	119	0	0	0	0	0	0	0	0	0	0	0	0	0	0	0	0	0.15294123	-0.4588235	-0.31764704	-0.29411763	30	-2
16504	614	360	39	924	310	292	69	77	146	119	0	0	0	0	0	0	0	0	0	0	0	0	0	0	0	0	0.0	-0.654902	-0.40392154	-0.19999999	32	-11
16536	842	496	39	924	310	292	69	77	146	119	0	0	0	0	0	0	0	0	0	0	0	0	0	0	0	0	0.0	-0.7411765	-0.44313723	-0.14509803	37	-15
16573	779	800	39	924	310	292	69	77	146	119	0	0	0	0	0	0	0	0	0	0	0	0	0	0	0	0	0.0	-0.7882353	-0.45098037	0.0	39	-23
16606	0	721	39	924	310	292	69	77	146	119	0	0	0	0	0	0	0	0	0	0	0	0	0	0	0	0	-0.16862744	-0.8745098	-0.45098037	0.16078436	35	-31
16637	676	646	39	924	310	292	69	77	146	119	0	0	0	0	0	0	0	0	0	0	0	0	0	0	0	0	-0.3098039	-1.0	-0.36470586	0.30980396	34	-34
16669	175	372	39	924	310	292	69	77	146	119	0	0	0	0	0	0	0	0	0	0	0	0	0	0	0	0	-0.3333333	-1.0	-0.26274508	0.34901965	33	-31
16703	477	0	39	924	310	292	69	77	146	119	0	0	0	0	0	0	0	0	0	0	0	0	0	0	0	0	-0.38039213	-0.9607843	-0.1607843	0.30980396	29	-24
16736	343	0	39	924	310	292	69	77	146	119	0	0	0	0	0	0	0	0	0	0	0	0	0	0	0	0	-0.42745095	-0.827451	0.0	0.24705887	20	-13
16769	503	148	39	924	310	292	69	77	146	119	0	0	0	0	0	0	0	0	0	0	0	0	0	0	0	0	-0.4352941	-0.73333335	0.0	0.24705887	14	-13
16803	1085	322	39	924	310	292	69	77	146	119	0	0	0	0	0	0	0	0	0	0	0	0	0	0	0	0	-0.4352941	-0.6	0.0	0.24705887	8	-13
16836	908	68	39	924	310	292	69	77	146	119	0	0	0	0	0	0	0	0	0	0	0	0	0	0	0	0	-0.4352941	-0.4352941	0.0	0.12156868	0	-7
16869	253	800	39	924	310	292	69	77	146	119	0	0	0	0	0	0	0	0	0	0	0	0	0	0	0	0	-0.38039213	-0.26274508	0.1686275	0.0	-6	8
16904	730	415	39	924	310	292	69	77	146	119	0	0	0	0	0	0	0	0	0	0	0	0	0	0	0	0	-0.25490195	0.0	0.19215691	-0.12156862	-13	15
16936	443	432	39	924	310	292	69	77	146	119	0	0	0	0	0	0	0	0	0	0	0	0	0	0	0	0	-0.15294117	0.0	0.15294123	-0.17647058	-8	16
16969	800	95	39	924	310	292	69	77	146	119	0	0	0	0	0	0	0	0	0	0	0	0	0	0	0	0	-0.1372549	0.0	0.0	-0.23921567	-7	11
17007	453	659	39	924	310	292	69	77	146	119	0	0	0	0	0	0	0	0	0	0	0	0	0	0	0	0	-0.12156862	0.0	0.0	-0.29411763	-7	14
17037	729	331	39	924	310	292	69	77	146	119	0	0	0	0	0	0	0	0	0	0	0	0	0	0	0	0	0.0	0.0	0.0	-0.34117645	0	17
17073	568	800	39	924	310	292	69	77	146	119	0	0	0	0	0	0	0	0	0	0	0	0	0	0	0	0	0.0	0.0	-0.19999999	-0.38823527	0	9
17102	980	582	39	924	310	292	69	77	146	119	0	0	0	0	0	0	0	0	0	0	0	0	0	0	0	0	0.0	0.0	-0.34117645	-0.41176468	0	3
17141	998	313	39	924	310	292	69	77	146	119	0	0	0	0	0	0	0	0	0	0	0	0	0	0	0	0	0.0	0.0	-0.44313723	-0.41176468	0	-2
17169	670	64	39	924	310	292	69	77	146	119	0	0	0	0	0	0	0	0	0	0	0	0	0	0	0	0	0.0	0.0	-0.54509807	-0.29411763	0	-13
17203	427	337	39	924	310	292	69	77	146	119	0	0	0	0	0	0	0	0	0	0	0	0	0	0	0	0	0.15294123	-0.31764704	-0.5764706	-0.10588235	23	-24
17236	825	450	39	924	310	292	69	77	146	119	0	0	0	0	0	0	0	0	0	0	0	0	0	0	0	0	0.19215691	-0.372549	-0.5764706	0.0	28	-29
17269	614	0	39	924	310	292	69	77	146	119	0	0	0	0	0	0	0	0	0	0	0	0	0	0	0	0	0.22352946	-0.40392154	-0.5764706	0.17647064	31	-38
17307	1280	342	39	924	310	292	69	77	146	119	0	0	0	0	0	0	0	0	0	0	0	0	0	0	0	0	0.19215691	-0.42745095	-0.4823529	0.33333337	30	-41
17340	923	800	39	924	310	292	69	77	146	119	0	0	0	0	0	0	0	0	0	0	0	0	0	0	0	0	0.15294123	-0.372549	-0.44313723	0.3803922	26	-42
17369	1057	522	39	924	310	292	69	77	146	119	0	0	0	0	0	0	0	0	0	0	0	0	0	0	0	0	0.0	-0.3490196	-0.36470586	0.5921569	17	-48
17407	433	620	39	924	310	292	69	77	146	119	0	0	0	0	0	0	0	0	0	0	0	0	0	0	0	0	0.0	-0.27058822	-0.31764704	0.654902	13	-49
17440	38	358	39	924	310	292	69	77	146	119	0	0	0	0	0	0	0	0	0	0	0	0	0	0	0	0	0.0	-0.19999999	-0.19999999	0.6392157	9	-42
17473	628	284	39	924	310	292	69	77	146	119	0	0	0	0	0	0	0	0	0	0	0	0	0	0	0	0	0.0	-0.15294117	0.0	0.5372549	7	-27
17506	829	591	39	924	310	292	69	77	146	119	0	0	0	0	0	0	0	0	0	0	0	0	0	0	0	0	0.0	0.0	0.0	0.0	0	0
17540	250	561	39	924	310	292	69	77	146	119	0	0	0	0	0	0	0	0	0	0	0	0	0	0	0	0	0.0	0.0	0.0	0.0	0	0
17573	838	482	39	924	310	292	69	77	146	119	0	0	0	0	0	0	0	0	0	0	0	0	0	0	0	0	0.0	0.0	0.0	0.0	0	0
17606	904	66	39	924	310	292	69	77	146	119	0	0	0	0	0	0	0	0	0	0	0	0	0	0	0	0	0.0	0.0	0.0	0.0	0	0
17639	686	346	39	924	310	292	69	77	146	119	0	0	0	0	0	0	0	0	0	0	0	0	0	0	0	0	0.0	0.0	0.0	0.0	0	0
17672	467	796	39	924	310	292	69	77	146	119	0	0	0	0	0	0	0	0	0	0	0	0	0	0	0	0	0.0	0.0	0.0	0.0	0	0
17706	805	0	381	452	379	44	69	77	146	119	0	0	0	0	0	0	1	0	0	0	0	0	0	0	0	0	0.0	0.0	0.0	0.0	0	0
17739	521	365	82	123	142	287	233	246	198	91	0	0	0	0	0	0	1	0	0	0	0	0	0	0	0	0	0.0	0.0	0.0	0.0	0	0
17773	908	562	430	39	295	294	186	254	89	82	0	0	0	0	0	0	1	0	0	0	0	0	0	0	0	0	0.0	0.0	0.0	0.0	0	0
17806	363	531	893	351	88	383	29	49	3	43	0	0	0	0	0	0	1	0	0	0	0	0	0	0	0	0	0.0	0.0	0.0	0.0	0	0
17839	653	566	893	351	88	383	106	151	17	189	0	0	0	0	0	0	0	0	0	0	0	0	0	0	0	0	0.0	0.0	0.0	0.0	0	0
17872	559	456	893	351	88	383	106	151	17	189	0	0	0	0	0	0	0	0	0	0	0	0	0	0	0	0	0.0	0.0	0.0	0.0	0	0
17906	573	193	893	351	88	383	106	151	17	189	0	0	0	0	0	0	0	0	0	0	0	0	0	0	0	0	0.0	0.0	0.0	0.0	0	0
17939	662	226	893	351	88	383	106	151	17	189	0	0	0	0	0	0	0	0	0	0	0	0	0	0	0	0	0.0	0.0	0.0	0.0	0	0
17972	748	742	893	351	88	383	106	151	17	189	0	0	0	0	0	0	0	0	0	0	0	0	0	0	0	0	0.0	0.0	0.0	0.0	0	0
18005	777	426	893	351	88	383	106	151	17	189	0	0	0	0	0	0	0	0	0	0	0	0	0	0	0	0	0.0	0.0	0.0	0.0	0	0
18039	429	800	893	351	88	383	106	151	17	189	0	0	0	0	0	0	0	0	0	0	0	0	0	0	0	0	0.0	0.0	0.0	0.0	0	0
18073	757	800	893	351	88	383	106	151	17	189	0	0	0	0	0	0	0	0	0	0	0	0	0	0	0	0	0.0	0.0	0.0	0.0	0	0
18105	585	0	893	351	88	383	106	151	17	189	0	0	0	0	0	0	0	0	0	0	0	0	0	0	0	0	0.0	0.0	0.0	0.0	0	0
18139	579	650	893	351	88	383	106	151	17	189	0	0	0	0	0	0	0	0	0	0	0	0	0	0	0	0	0.0	0.0	0.0	0.0	0	0
18172	519	680	893	351	88	383	106	151	17	189	0	0	0	0	0	0	0	0	0	0	0	0	0	0	0	0	0.0	0.0	0.0	0.0	0	0
18205	663	0	893	351	88	383	106	151	17	189	0	0	0	0	0	0	0	0	0	0	0	0	0	0	0	0	0.0	0.0	0.0	0.0	0	0
18238	663	346	893	351	88	383	106	151	17	189	0	0	0	0	0	0	0	0	0	0	0	0	0	0	0	0	0.0	0.0	0.0	0.0	0	0
18271	652	628	893	351	88	383	106	151	17	189	0	0	0	0	0	0	0	0	0	0	0	0	0	0	0	0	0.0	0.0	0.0	0.0	0	0
18304	874	800	893	351	88	383	106	151	17	189	0	0	0	0	0	0	0	0	0	0	0	0	0	0	0	0	0.0	0.0	0.0	0.0	0	0
18340	502	255	893	351	88	383	106	151	17	189	0	0	0	0	0	0	0	0	0	0	0	0	0	0	0	0	0.0	0.0	0.0	0.0	0	0
18371	747	672	893	351	88	383	106	151	17	189	0	0	0	0	0	0	0	0	0	0	0	0	0	0	0	0	0.0	0.0	0.0	0.0	0	0
18407	640	406	893	351	88	383	106	151	17	189	0	0	0	0	0	0	0	0	0	0	0	0	0	0	0	0	0.0	-0.15294117	0.0	0.0	7	0
18438	539	294	893	351	88	383	106	151	17	189	0	0	0	0	0	0	0	0	0	0	0	0	0	0	0	0	-0.1372549	-0.23921567	0.0	0.0	5	0
18472	599	407	893	351	88	383	106	151	17	189	0	0	0	0	0	0	0	0	0	0	0	0	0	0	0	0	-0.38039213	-0.35686272	0.0	0.0	-2	0
18505	752	480	893	351	88	383	106	151	17	189	0	0	0	0	0	0	0	0	0	0	0	0	0	0	0	0	-0.5686275	-0.41176468	0.0	0.0	-8	0
18541	709	35	893	351	88	383	106	151	17	189	0	0	0	0	0	0	0	0	0	0	0	0	0	0	0	0	-0.5764706	-0.372549	0.0	0.0	-11	0
18571	456	566	893	351	88	383	106	151	17	189	0	0	0	0	0	0	0	0	0	0	0	0	0	0	0	0	-0.42745095	-0.2862745	-0.11372548	-0.12941176	-8	0
18604	547	728	893	351	88	383	106	151	17	189	0	0	0	0	0	0	0	0	0	0	0	0	0	0	0	0	-0.38039213	-0.18431371	-0.16862744	-0.17647058	-10	0
18637	682	402	893	351	88	383	106	151	17	189	0	0	0	0	0	0	0	0	0	0	0	0	0	0	0	0	-0.40392154	-0.21568626	-0.2235294	-0.26274508	-10	1
18671	786	800	893	351	88	383	106	151	17	189	0	0	0	0	0	0	0	0	0	0	0	0	0	0	0	0	-0.4352941	-0.24705881	-0.23921567	-0.26274508	-10	1
18704	515	617	893	351	88	383	106	151	17	189	0	0	0	0	0	0	0	0	0	0	0	0	0	0	0	0	-0.4352941	-0.24705881	-0.23921567	-0.26274508	-10	1
18737	588	491	893	351	88	383	106	151	17	189	0	0	0	0	0	0	0	0	0	0	0	0	0	0	0	0	-0.3490196	-0.24705881	-0.24705881	-0.26274508	-6	0
18770	679	292	893	351	88	383	106	151	17	189	0	0	0	0	0	0	0	0	0	0	0	0	0	0	0	0	-0.27058822	-0.19999999	-0.24705881	-0.23921567	-4	-1
18803	698	299	893	351	88	383	106	151	17	189	0	0	0	0	0	0	0	0	0	0	0	0	0	0	0	0	-0.21568626	-0.12156862	-0.24705881	-0.2235294	-5	-2
18836	484	739	893	351	88	383	106	151	17	189	0	0	0	0	0	0	0	0	0	0	0	0	0	0	0	0	-0.19999999	-0.12156862	-0.24705881	-0.2235294	-4	-2
18870	691	426	893	351	88	383	106	151	17	189	0	0	0	0	0	0	0	0	0	0	0	0	0	0	0	0	-0.16862744	-0.10588235	-0.24705881	-0.2235294	-4	-2
18903	584	0	893	351	88	383	106	151	17	189	0	0	0	0	0	0	0	0	0	0	0	0	0	0	0	0	-0.1372549	-0.10588235	-0.24705881	-0.21568626	-2	-2
18936	507	609	893	351	88	383	106	151	17	189	0	0	0	0	0	0	0	0	0	0	0	0	0	0	0	0	-0.11372548	-0.10588235	-0.26274508	-0.17647058	-1	-5
18970	799	0	893	351	88	383	106	151	17	189	0	0	0	0	0	0	0	0	0	0	0	0	0	0	0	0	0.0	0.0	-0.26274508	-0.14509803	0	-6
19003	689	800	893	351	88	383	106	151	17	189	0	0	0	0	0	0	0	0	0	0	0	0	0	0	0	0	0.0	0.0	-0.19999999	-0.14509803	0	-3
19040	694	0	893	351	88	383	106	151	17	189	0	0	0	0	0	0	0	0	0	0	0	0	0	0	0	0	0.0	0.0	0.0	0.0	0	0
19073	580	81	531	661	351	107	106	151	17	189	0	0	0	0	0	0	1	0	0	0	0	0	0	0	0	0	0.0	0.0	0.0	0.0	0	0
19106	667	357	565	706	300	374	187	213	24	76	0	0	0	0	0	0	1	0	0	0	0	0	0	0	0	0	0.0	0.0	0.0	0.0	0	0
19140	955	800	553	545	343	324	233	34	188	142	0	0	0	0	0	0	1	0	0	0	0	0	0	0	0	0	0.0	0.0	0.0	0.0	0	0
19172	714	800	553	545	343	324	123	112	74	80	0	0	0	0	0	0	0	0	0	0	0	0	0	0	0	0	0.0	0.0	0.0	0.0	0	0
19204	1280	167	553	545	343	324	123	112	74	80	0	0	0	0	0	0	0	0	0	0	0	0	0	0	0	0	0.0	0.0	0.0	0.0	0	0
19239	234	651	553	545	343	324	123	112	74	80	0	0	0	0	0	0	0	0	0	0	0	0	0	0	0	0	0.0	0.0	0.0	0.0	0	0
19272	921	372	553	545	343	324	123	112	74	80	0	0	0	0	0	0	0	0	0	0	0	0	0	0	0	0	-0.15294117	-0.12941176	0.0	0.0	-2	0
19304	838	230	553	545	343	324	123	112	74	80	0	0	0	0	0	0	0	0	0	0	0	0	0	0	0	0	-0.27843136	-0.23921567	0.0	0.0	-2	0
19339	500	355	553	545	343	324	123	112	74	80	0	0	0	0	0	0	0	0	0	0	0	0	0	0	0	0	-0.36470586	-0.31764704	-0.1372549	-0.12156862	-3	-1
19372	560	87	553	545	343	324	123	112	74	80	0	0	0	0	0	0	0	0	0	0	0	0	0	0	0	0	-0.38039213	-0.32549018	-0.18431371	-0.16862744	-3	-1
19403	120	241	553	545	343	324	123	112	74	80	0	0	0	0	0	0	0	0	0	0	0	0	0	0	0	0	-0.35686272	-0.2862745	-0.19999999	-0.35686272	-4	7
19439	0	212	553	545	343	324	123	112	74	80	0	0	0	0	0	0	0	0	0	0	0	0	0	0	0	0	-0.30196077	-0.27058822	-0.2235294	-0.42745095	-2	10
19471	160	131	553	545	343	324	123	112	74	80	0	0	0	0	0	0	0	0	0	0	0	0	0	0	0	0	-0.2862745	-0.26274508	-0.23921567	-0.5294118	-2	14
19505	343	3	553	545	343	324	123	112	74	80	0	0	0	0	0	0	0	0	0	0	0	0	0	0	0	0	-0.27843136	-0.24705881	-0.26274508	-0.5686275	-2	15
19536	1046	264	553	545	343	324	123	112	74	80	0	0	0	0	0	0	0	0	0	0	0	0	0	0	0	0	-0.27058822	-0.24705881	-0.26274508	-0.52156866	-2	12
19570	870	134	553	545	343	324	123	112	74	80	0	0	0	0	0	0	0	0	0	0	0	0	0	0	0	0	-0.25490195	-0.24705881	-0.26274508	-0.38039213	-1	5
19603	81	251	553	545	343	324	123	112	74	80	0	0	0	0	0	0	0	0	0	0	0	0	0	0	0	0	-0.25490195	-0.24705881	-0.21568626	-0.27058822	-1	2
19635	776	359	553	545	343	324	123	112	74	80	0	0	0	0	0	0	0	0	0	0	0	0	0	0	0	0	-0.25490195	-0.24705881	-0.1607843	-0.12156862	-1	-2
19671	565	800	553	545	343	324	123	112	74	80	0	0	0	0	0	0	0	0	0	0	0	0	0	0	0	0	-0.24705881	-0.23137254	0.0	0.0	-1	0
19702	539	578	553	545	343	324	123	112	74	80	0	0	0	0	0	0	0	0	0	0	0	0	0	0	0	0	-0.19999999	-0.18431371	0.0	0.0	-1	0
19736	446	520	553	545	343	324	123	112	74	80	0	0	0	0	0	0	0	0	0	0	0	0	0	0	0	0	-0.15294117	-0.12941176	0.0	0.105882406	-2	-6
19774	1124	430	553	545	343	324	123	112	74	80	0	0	0	0	0	0	0	0	0	0	0	0	0	0	0	0	-0.15294117	-0.12156862	0.0	0.13725495	-2	-7
19806	1057	800	553	545	343	324	123	112	74	80	0	0	0	0	0	0	0	0	0	0	0	0	0	0	0	0	-0.15294117	-0.12156862	0.0	0.17647064	-2	-9
19836	413	222	553	545	343	324	123	112	74	80	0	0	0	0	0	0	0	0	0	0	0	0	0	0	0	0	-0.14509803	-0.18431371	0.0	0.20784318	1	-11
19872	685	429	553	545	343	324	123	112	74	80	0	0	0	0	0	0	0	0	0	0	0	0	0	0	0	0	-0.14509803	-0.18431371	0.0	0.20784318	1	-11
19904	646	0	553	545	343	324	123	112	74	80	0	0	0	0	0	0	0	0	0	0	0	0	0	0	0	0	-0.14509803	-0.18431371	0.0	0.2941177	1	-15
19940	1174	204	553	545	343	324	123	112	74	80	0	0	0	0	0	0	0	0	0	0	0	0	0	0	0	0	-0.14509803	-0.18431371	0.0	0.41960788	1	-21
19973	784	0	553	545	343	324	123	112	74	80	0	0	0	0	0	0	0	0	0	0	0	0	0	0	0	0	-0.14509803	-0.20784312	0.0	0.41960788	3	-21
20007	946	64	553	545	343	324	123	112	74	80	0	0	0	0	0	0	0	0	0	0	0	0	0	0	0	0	-0.14509803	-0.20784312	0.0	0.39607847	3	-20
20035	210	599	553	545	343	324	123	112	74	80	0	0	0	0	0	0	0	0	0	0	0	0	0	0	0	0	-0.12156862	-0.15294117	0.0	0.26274514	1	-14
20072	500	637	553	545	343	324	123	112	74	80	0	0	0	0	0	0	0	0	0	0	0	0	0	0	0	0	-0.12156862	0.0	0.0	0.12156868	-7	-7
20103	678	700	553	545	343	324	123	112	74	80	0	0	0	0	0	0	0	0	0	0	0	0	0	0	0	0	-0.11372548	0.0	0.0	0.0	-6	0
20140	823	800	553	545	343	324	123	112	74	80	0	0	0	0	0	0	0	0	0	0	0	0	0	0	0	0	0.0	0.0	0.0	0.0	0	0
20174	595	800	540	434	328	23	123	112	74	80	0	0	0	0	0	0	1	0	0	0	0	0	0	0	0	0	0.0	0.0	0.0	0.0	0	0
20207	1008	414	28	420	63	224	246	239	196	193	0	0	0	0	0	0	1	0	0	0	0	0	0	0	0	0	0.0	0.0	0.0	0.0	0	0
20241	696	79	952	418	265	24	155	174	4	133	0	0	0	0	0	0	1	0	0	0	0	0	0	0	0	0	0.0	0.0	0.0	0.0	0	0
20273	425	412	952	418	265	24	64	223	89	21	0	0	0	0	0	0	0	0	0	0	0	0	0	0	0	0	0.0	0.0	0.0	0.0	0	0
20303	692	408	952	418	265	24	64	223	89	21	0	0	0	0	0	0	0	0	0	0	0	0	0	0	0	0	0.0	0.0	0.0	0.0	0	0
20336	723	361	952	418	265	24	64	223	89	21	0	0	0	0	0	0	0	0	0	0	0	0	0	0	0	0	0.0	0.0	0.0	0.0	0	0
20373	793	429	952	418	265	24	64	223	89	21	0	0	0	0	0	0	0	0	0	0	0	0	0	0	0	0	0.0	0.0	0.0	0.0	0	0
20403	876	435	952	418	265	24	64	223	89	21	0	0	0	0	0	0	0	0	0	0	0	0	0	0	0	0	0.0	0.0	-0.19215685	0.0	0	-10
20440	457	391	952	418	265	24	64	223	89	21	0	0	0	0	0	0	0	0	0	0	0	0	0	0	0	0	0.0	0.0	-0.24705881	-0.10588235	0	-8
20472	419	409	952	418	265	24	64	223	89	21	0	0	0	0	0	0	0	0	0	0	0	0	0	0	0	0	0.0	0.0	-0.29411763	-0.14509803	0	-8
20505	969	409	952	418	265	24	64	223	89	21	0	0	0	0	0	0	0	0	0	0	0	0	0	0	0	0	0.0	0.0	-0.31764704	-0.16862744	0	-8
20540	796	372	952	418	265	24	64	223	89	21	0	0	0	0	0	0	0	0	0	0	0	0	0	0	0	0	0.0	0.0	-0.31764704	-0.16862744	0	-8
20572	671	372	952	418	265	24	64	223	89	21	0	0	0	0	0	0	0	0	0	0	0	0	0	0	0	0	0.0	0.0	-0.31764704	-0.16862744	0	-8
20606	412	374	952	418	265	24	64	223	89	21	0	0	0	0	0	0	0	0	0	0	0	0	0	0	0	0	0.0	0.0	-0.31764704	-0.17647058	0	-8
20638	751	383	952	418	265	24	64	223	89	21	0	0	0	0	0	0	0	0	0	0	0	0	0	0	0	0	0.0	-0.12156862	-0.31764704	-0.21568626	6	-6
20673	650	444	952	418	265	24	64	223	89	21	0	0	0	0	0	0	0	0	0	0	0	0	0	0	0	0	0.0	-0.1607843	-0.31764704	-0.23921567	8	-4
20704	163	431	952	418	265	24	64	223	89	21	0	0	0	0	0	0	0	0	0	0	0	0	0	0	0	0	0.0	-0.1607843	-0.31764704	-0.23921567	8	-4
20739	761	375	952	418	265	24	64	223	89	21	0	0	0	0	0	0	0	0	0	0	0	0	0	0	0	0	0.0	-0.12941176	-0.31764704	-0.23921567	6	-4
20773	459	427	952	418	265	24	64	223	89	21	0	0	0	0	0	0	0	0	0	0	0	0	0	0	0	0	0.0	-0.17647058	-0.31764704	-0.23921567	8	-4
20806	578	384	952	418	265	24	64	223	89	21	0	0	0	0	0	0	0	0	0	0	0	0	0	0	0	0	-0.11372548	-0.21568626	-0.31764704	-0.19215685	5	-7
20838	493	411	952	418	265	24	64	223	89	21	0	0	0	0	0	0	0	0	0	0	0	0	0	0	0	0	-0.2862745	-0.5137255	-0.26274508	-0.12941176	11	-7
20872	429	411	952	418	265	24	64	223	89	21	0	0	0	0	0	0	0	0	0	0	0	0	0	0	0	0	-0.3333333	-0.70980394	-0.18431371	0.0	18	-10
20908	457	407	952	418	265	24	64	223	89	21	0	0	0	0	0	0	0	0	0	0	0	0	0	0	0	0	-0.27843136	-0.62352943	0.0	0.0	17	0
20937	732	408	952	418	265	24	64	223	89	21	0	0	0	0	0	0	0	0	0	0	0	0	0	0	0	0	-0.25490195	-0.54509807	0.0	0.0	14	0
20971	689	352	952	418	265	24	64	223	89	21	0	0	0	0	0	0	0	0	0	0	0	0	0	0	0	0	-0.19999999	-0.3490196	0.0	0.0	7	0
21005	761	386	952	418	265	24	64	223	89	21	0	0	0	0	0	0	0	0	0	0	0	0	0	0	0	0	-0.12156862	-0.19999999	0.0	0.0	3	0
21039	849	393	952	418	265	24	64	223	89	21	0	0	0	0	0	0	0	0	0	0	0	0	0	0	0	0	-0.12156862	-0.19999999	0.0	0.105882406	3	-6
21072	836	421	952	418	265	24	64	223	89	21	0	0	0	0	0	0	0	0	0	0	0	0	0	0	0	0	-0.12156862	-0.19999999	0.0	0.13725495	3	-7
21104	614	416	952	418	265	24	64	223	89	21	0	0	0	0	0	0	0	0	0	0	0	0	0	0	0	0	-0.12156862	-0.19999999	0.0	0.19215691	3	-10
21138	735	351	952	418	265	24	64	223	89	21	0	0	0	0	0	0	0	0	0	0	0	0	0	0	0	0	-0.12156862	-0.19999999	0.0	0.20784318	3	-11
21172	918	406	952	418	265	24	64	223	89	21	0	0	0	0	0	0	0	0	0	0	0	0	0	0	0	0	-0.11372548	-0.18431371	0.0	0.20784318	3	-11
21205	650	346	952	418	265	24	64	223	89	21	0	0	0	0	0	0	0	0	0	0	0	0	0	0	0	0	-0.11372548	-0.18431371	0.0	0.20784318	3	-11
21238	436	375	952	418	265	24	64	223	89	21	0	0	0	0	0	0	0	0	0	0	0	0	0	0	0	0	-0.11372548	-0.1607843	0.0	0.16078436	2	-9
21272	945	387	952	418	265	24	64	223	89	21	0	0	0	0	0	0	0	0	0	0	0	0	0	0	0	0	-0.11372548	-0.12156862	0.0	0.0	0	0
21304	704	379	952	418	265	24	64	223	89	21	0	0	0	0	0	0	0	0	0	0	0	0	0	0	0	0	0.0	0.0	0.0	0.0	0	0
21338	91	392	722	985	59	79	64	223	89	21	0	0	0	0	0	0	1	0	0	0	0	0	0	0	0	0	0.0	0.0	0.0	0.0	0	0
21371	645	307	4	520	97	208	102	1	67	162	0	0	0	0	0	0	1	0	0	0	0	0	0	0	0	0	0.0	0.0	0.0	0.0	0	0
21402	750	369	864	742	142	115	247	28	41	150	0	0	0	0	0	0	1	0	0	0	0	0	0	0	0	0	0.0	0.0	0.0	0.0	0	0
21439	691	382	864	742	142	115	196	144	85	157	0	0	0	0	0	0	0	0	0	0	0	0	0	0	0	0	0.0	0.0	0.0	0.0	0	0
21470	569	329	864	742	142	115	196	144	85	157	0	0	0	0	0	0	0	0	0	0	0	0	0	0	0	0	0.0	0.0	0.0	0.0	0	0
21504	350	446	864	742	142	115	196	144	85	157	0	0	0	0	0	0	0	0	0	0	0	0	0	0	0	0	0.0	0.0	0.0	0.0	0	0
21535	634	533	864	742	142	115	196	144	85	157	0	0	0	0	0	0	0	0	0	0	0	0	0	0	0	0	0.0	0.0	0.0	0.0	0	0
21571	634	474	864	742	142	115	196	144	85	157	0	0	0	0	0	0	0	0	0	0	0	0	0	0	0	0	0.0	0.0	0.0	0.0	0	0
21607	805	581	864	742	142	115	196	144	85	157	0	0	0	0	0	0	0	0	0	0	0	0	0	0	0	0	0.0	0.0	0.0	0.0	0	0
21638	443	585	864	742	142	115	196	144	85	157	0	0	0	0	0	0	0	0	0	0	0	0	0	0	0	0	0.0	0.0	0.0	0.0	0	0
21671	445	269	864	742	142	115	196	144	85	157	0	0	0	0	0	0	0	0	0	0	0	0	0	0	0	0	0.0	-0.17647058	0.0	0.0	8	0
21704	612	574	864	742	142	115	196	144	85	157	0	0	0	0	0	0	0	0	0	0	0	0	0	0	0	0	0.15294123	-0.20784312	0.0	0.0	18	0
21736	673	362	864	742	142	115	196	144	85	157	0	0	0	0	0	0	0	0	0	0	0	0	0	0	0	0	0.20784318	-0.23921567	-0.1372549	0.0	22	-7
21770	588	334	864	742	142	115	196	144	85	157	0	0	0	0	0	0	0	0	0	0	0	0	0	0	0	0	0.17647064	-0.27058822	-0.1607843	0.0	22	-9
21804	541	382	864	742	142	115	196	144	85	157	0	0	0	0	0	0	0	0	0	0	0	0	0	0	0	0	0.17647064	-0.34117645	-0.1607843	0.0	25	-9
21837	636	470	864	742	142	115	196	144	85	157	0	0	0	0	0	0	0	0	0	0	0	0	0	0	0	0	0.17647064	-0.34117645	-0.1607843	0.0	25	-9
21874	857	525	864	742	142	115	196	144	85	157	0	0	0	0	0	0	0	0	0	0	0	0	0	0	0	0	0.17647064	-0.34117645	-0.1607843	0.0	25	-9
21904	773	344	864	742	142	115	196	144	85	157	0	0	0	0	0	0	0	0	0	0	0	0	0	0	0	0	0.17647064	-0.34117645	-0.1607843	0.0	25	-9
21940	749	585	864	742	142	115	196	144	85	157	0	0	0	0	0	0	0	0	0	0	0	0	0	0	0	0	0.17647064	-0.31764704	-0.1607843	0.0	24	-9
21970	284	394	864	742	142	115	196	144	85	157	0	0	0	0	0	0	0	0	0	0	0	0	0	0	0	0	0.17647064	-0.27058822	-0.1607843	0.0	22	-9
22003	751	464	864	742	142	115	196	144	85	157	0	0	0	0	0	0	0	0	0	0	0	0	0	0	0	0	0.1686275	-0.19999999	-0.1607843	0.0	18	-9
22036	800	316	864	742	142	115	196	144	85	157	0	0	0	0	0	0	0	0	0	0	0	0	0	0	0	0	0.0	-0.12941176	-0.11372548	0.0	6	-6
22072	493	529	864	742	142	115	196	144	85	157	0	0	0	0	0	0	0	0	0	0	0	0	0	0	0	0	0.0	0.0	0.0	0.0	0	0
22105	775	338	864	742	142	115	196	144	85	157	0	0	0	0	0	0	0	0	0	0	0	0	0	0	0	0	0.0	0.0	0.0	0.0	0	0
22140	472	542	864	742	142	115	196	144	85	157	0	0	0	0	0	0	0	0	0	0	0	0	0	0	0	0	0.0	0.0	0.0	0.0	0	0
22170	678	311	864	742	142	115	196	144	85	157	0	0	0	0	0	0	0	0	0	0	0	0	0	0	0	0	0.0	0.0	0.0	0.0	0	0
22203	773	582	864	742	142	115	196	144	85	157	0	0	0	0	0	0	0	0	0	0	0	0	0	0	0	0	0.0	0.0	0.0	0.0	0	0
22236	890	408	864	742	142	115	196	144	85	157	0	0	0	0	0	0	0	0	0	0	0	0	0	0	0	0	0.0	0.0	0.0	0.0	0	0
22269	666	249	864	742	142	115	196	144	85	157	0	0	0	0	0	0	0	0	0	0	0	0	0	0	0	0	0.0	0.0	0.0	0.0	0	0
22302	760	557	864	742	142	115	196	144	85	157	0	0	0	0	0	0	0	0	0	0	0	0	0	0	0	0	0.0	0.0	0.0	0.0	0	0
22336	573	551	864	742	142	115	196	144	85	157	0	0	0	0	0	0	0	0	0	0	0	0	0	0	0	0	0.0	0.0	0.0	0.0	0	0
22369	626	429	864	742	142	115	196	144	85	157	0	0	0	0	0	0	0	0	0	0	0	0	0	0	0	0	0.0	0.0	0.0	0.0	0	0
22402	703	420	864	742	142	115	196	144	85	157	0	0	0	0	0	0	0	0	0	0	0	0	0	0	0	0	0.0	0.0	0.0	0.0	0	0
22435	766	329	864	742	142	115	196	144	85	157	0	0	0	0	0	0	0	0	0	0	0	0	0	0	0	0	0.0	0.0	0.0	0.0	0	0
22471	685	454	868	268	252	184	196	144	85	157	0	0	0	0	0	0	1	0	0	0	0	0	0	0	0	0	0.0	0.0	0.0	0.0	0	0
22505	116	597	766	189	276	310	222	71	234	45	0	0	0	0	0	0	1	0	0	0	0	0	0	0	0	0	0.0	0.0	0.0	0.0	0	0
22541	393	800	778	756	88	290	172	102	170	42	0	0	0	0	0	0	1	0	0	0	0	0	0	0	0	0	0.0	0.0	0.0	0.0	0	0
22570	521	238	778	756	88	290	90	128	15	59	0	0	0	0	0	0	0	0	0	0	0	0	0	0	0	0	0.0	0.0	0.0	0.0	0	0
22607	655	0	778	756	88	290	90	128	15	59	0	0	0	0	0	0	0	0	0	0	0	0	0	0	0	0	0.0	0.0	0.0	0.0	0	0
22636	786	281	778	756	88	290	90	128	15	59	0	0	0	0	0	0	0	0	0	0	0	0	0	0	0	0	0.0	0.0	0.0	0.0	0	0
22670	576	568	778	756	88	290	90	128	15	59	0	0	0	0	0	0	0	0	0	0	0	0	0	0	0	0	0.0	0.0	0.0	0.0	0	0
22707	490	207	778	756	88	290	90	128	15	59	0	0	0	0	0	0	0	0	0	0	0	0	0	0	0	0	0.0	0.0	0.0	0.0	0	0
22736	754	524	778	756	88	290	90	128	15	59	0	0	0	0	0	0	0	0	0	0	0	0	0	0	0	0	0.0	0.0	0.0	0.0	0	0
22774	853	390	778	756	88	290	90	128	15	59	0	0	0	0	0	0	0	0	0	0	0	0	0	0	0	0	0.0	-0.10588235	0.0	0.0	5	0
22802	694	485	778	756	88	290	90	128	15	59	0	0	0	0	0	0	0	0	0	0	0	0	0	0	0	0	0.0	-0.20784312	0.0	0.0	10	0
22840	573	528	813	340	244	205	90	128	15	59	0	0	0	0	0	0	1	0	0	0	0	0	0	0	0	0	0.0	-0.23137254	0.0	0.0	11	0
22870	534	654	407	197	301	118	218	24	104	195	0	0	0	0	0	0	1	0	0	0	0	0	0	0	0	0	0.0	-0.12156862	0.0	0.0	6	0
22903	682	484	407	197	301	118	109	22	59	106	0	0	0	0	0	0	0	0	0	0	0	0	0	0	0	0	0.0	0.0	0.0	0.0	0	0
22940	241	567	407	197	301	118	109	22	59	106	0	0	0	0	0	0	0	0	0	0	0	0	0	0	0	0	0.0	0.0	0.0	0.0	0	0
22970	358	270	407	197	301	118	109	22	59	106	0	0	0	0	0	0	0	0	0	0	0	0	0	0	0	0	0.0	0.0	0.0	0.0	0	0
23007	290	511	407	197	301	118	109	22	59	106	0	0	0	0	0	0	0	0	0	0	0	0	0	0	0	0	0.0	0.0	0.0	0.0	0	0
23036	505	423	407	197	301	118	109	22	59	106	0	0	0	0	0	0	0	0	0	0	0	0	0	0	0	0	0.0	0.0	0.0	0.0	0	0
23073	1107	313	407	197	301	118	109	22	59	106	0	0	0	0	0	0	0	0	0	0	0	0	0	0	0	0	0.0	0.0	0.0	0.0	0	0
23102	1280	225	407	197	301	118	109	22	59	106	0	0	0	0	0	0	0	0	0	0	0	0	0	0	0	0	0.0	0.0	0.0	0.0	0	0
23140	431	334	407	197	301	118	109	22	59	106	0	0	0	0	0	0	0	0	0	0	0	0	0	0	0	0	0.0	0.0	0.0	0.0	0	0
23169	571	538	407	197	301	118	109	22	59	106	0	0	0	0	0	0	0	0	0	0	0	0	0	0	0	0	0.0	0.0	0.0	0.0	0	0
23207	94	438	407	197	301	118	109	22	59	106	0	0	0	0	0	0	0	0	0	0	0	0	0	0	0	0	0.0	0.0	0.0	0.0	0	0
23235	912	383	407	197	301	118	109	22	59	106	0	0	0	0	0	0	0	0	0	0	0	0	0	0	0	0	0.0	0.0	0.0	0.0	0	0
23273	1005	416	407	197	301	118	109	22	59	106	0	0	0	0	0	0	0	0	0	0	0	0	0	0	0	0	0.0	0.0	0.0	0.0	0	0
23303	417	636	407	197	301	118	109	22	59	106	0	0	0	0	0	0	0	0	0	0	0	0	0	0	0	0	0.0	0.0	0.0	0.0	0	0
23340	285	408	407	197	301	118	109	22	59	106	0	0	0	0	0	0	0	0	0	0	0	0	0	0	0	0	0.0	0.0	0.0	0.0	0	0
23369	1280	469	407	197	301	118	109	22	59	106	0	0	0	0	0	0	0	0	0	0	0	0	0	0	0	0	0.0	-0.12156862	0.0	0.0	6	0
23406	595	405	407	197	301	118	109	22	59	106	0	0	0	0	0	0	0	0	0	0	0	0	0	0	0	0	0.0	-0.4588235	0.0	0.0	22	0
23436	1095	397	407	197	301	118	109	22	59	106	0	0	0	0	0	0	0	0	0	0	0	0	0	0	0	0	0.0	-0.6784314	0.0	0.0	33	0
23469	623	196	407	197	301	118	109	22	59	106	0	0	0	0	0	0	0	0	0	0	0	0	0	0	0	0	0.0	-0.6862745	0.0	0.0	34	0
23504	652	365	407	197	301	118	109	22	59	106	0	0	0	0	0	0	0	0	0	0	0	0	0	0	0	0	0.17647064	-0.6313726	0.0	0.0	40	0
23540	0	533	407	197	301	118	109	22	59	106	0	0	0	0	0	0	0	0	0	0	0	0	0	0	0	0	0.22352946	-0.4980392	0.0	0.0	36	0
23570	980	339	407	197	301	118	109	22	59	106	0	0	0	0	0	0	0	0	0	0	0	0	0	0	0	0	0.26274514	-0.3490196	0.0	0.0	30	0
23603	525	297	407	197	301	118	109	22	59	106	0	0	0	0	0	0	0	0	0	0	0	0	0	0	0	0	0.27843142	-0.30196077	0.0	0.0	29	0
23639	517	328	407	197	301	118	109	22	59	106	0	0	0	0	0	0	0	0	0	0	0	0	0	0	0	0	0.28627455	-0.30196077	0.0	0.0	29	0
23669	531	436	407	197	301	118	109	22	59	106	0	0	0	0	0	0	0	0	0	0	0	0	0	0	0	0	0.3176471	-0.31764704	0.0	0.0	31	0
23703	672	626	407	197	301	118	109	22	59	106	0	0	0	0	0	0	0	0	0	0	0	0	0	0	0	0	0.33333337	-0.34117645	0.0	0.0	33	0
23741	885	285	407	197	301	118	109	22	59	106	0	0	0	0	0	0	0	0	0	0	0	0	0	0	0	0	0.33333337	-0.34117645	0.0	0.0	33	0
23769	339	347	407	197	301	118	109	22	59	106	0	0	0	0	0	0	0	0	0	0	0	0	0	0	0	0	0.26274514	-0.34117645	0.0	0.0	30	0
23807	898	551	407	197	301	118	109	22	59	106	0	0	0	0	0	0	0	0	0	0	0	0	0	0	0	0	0.26274514	-0.35686272	0.0	0.0	30	0
23840	417	466	407	197	301	118	109	22	59	106	0	0	0	0	0	0	0	0	0	0	0	0	0	0	0	0	0.26274514	-0.372549	0.0	0.0	31	0
23874	321	410	407	197	301	118	109	22	59	106	0	0	0	0	0	0	0	0	0	0	0	0	0	0	0	0	0.19215691	-0.45098037	0.0	0.0	32	0
23902	454	378	407	197	301	118	109	22	59	106	0	0	0	0	0	0	0	0	0	0	0	0	0	0	0	0	0.0	-0.5372549	0.0	0.0	26	0
23935	586	498	407	197	301	118	109	22	59	106	0	0	0	0	0	0	0	0	0	0	0	0	0	0	0	0	0.0	-0.5686275	0.0	0.0	28	0
23970	1280	295	407	197	301	118	109	22	59	106	0	0	0	0	0	0	0	0	0	0	0	0	0	0	0	0	0.0	-0.6	0.0	0.0	30	0
24002	230	453	407	197	301	118	109	22	59	106	0	0	0	0	0	0	0	0	0	0	0	0	0	0	0	0	0.0	-0.6	0.0	0.0	30	0
24036	407	501	407	197	301	118	109	22	59	106	0	0	0	0	0	0	0	0	0	0	0	0	0	0	0	0	0.0	-0.5529412	0.0	0.0	27	0
24071	1158	391	407	197	301	118	109	22	59	106	0	0	0	0	0	0	0	0	0	0	0	0	0	0	0	0	0.0	-0.40392154	0.0	0.0	20	0
24105	664	493	407	197	301	118	109	22	59	106	0	0	0	0	0	0	0	0	0	0	0	0	0	0	0	0	0.0	-0.372549	0.0	0.0	18	0
24140	0	414	407	197	301	118	109	22	59	106	0	0	0	0	0	0	0	0	0	0	0	0	0	0	0	0	0.0	-0.35686272	0.0	0.0	17	0
24171	516	285	407	197	301	118	109	22	59	106	0	0	0	0	0	0	0	0	0	0	0	0	0	0	0	0	0.0	-0.35686272	0.0	0.0	17	0
24206	428	471	407	197	301	118	109	22	59	106	0	0	0	0	0	0	0	0	0	0	0	0	0	0	0	0	0.0	-0.35686272	0.0	0.0	17	0
24235	869	287	407	197	301	118	109	22	59	106	0	0	0	0	0	0	0	0	0	0	0	0	0	0	0	0	0.0	-0.3490196	0.0	0.0	17	0
24274	588	564	407	197	301	118	109	22	59	106	0	0	0	0	0	0	0	0	0	0	0	0	0	0	0	0	0.0	-0.29411763	0.0	0.0	14	0
24306	704	311	407	197	301	118	109	22	59	106	0	0	0	0	0	0	0	0	0	0	0	0	0	0	0	0	0.0	-0.17647058	0.0	0.0	8	0
24335	1186	327	407	197	301	118	109	22	59	106	0	0	0	0	0	0	0	0	0	0	0	0	0	0	0	0	0.0	0.0	0.0	0.0	0	0
24374	470	338	997	365	39	316	109	22	59	106	0	0	0	0	0	0	1	0	0	0	0	0	0	0	0	0	0.0	0.0	0.0	0.0	0	0
24406	646	800	653	737	365	397	93	73	137	157	0	0	0	0	0	0	1	0	0	0	0	0	0	0	0	0	0.0	0.0	0.0	0.0	0	0
24439	1103	0	901	143	193	69	183	199	193	31	0	0	0	0	0	0	1	0	0	0	0	0	0	0	0	0	0.0	0.0	0.0	0.0	0	0
24473	922	380	901	143	193	69	44	191	18	145	0	0	0	0	0	0	0	0	0	0	0	0	0	0	0	0	0.0	0.0	0.0	0.0	0	0
24507	630	408	901	143	193	69	44	191	18	145	0	0	0	0	0	0	0	0	0	0	0	0	0	0	0	0	0.0	0.0	0.0	0.0	0	0
24541	709	392	901	143	193	69	44	191	18	145	0	0	0	0	0	0	0	0	0	0	0	0	0	0	0	0	0.0	0.0	0.0	0.0	0	0
24573	537	391	901	143	193	69	44	191	18	145	0	0	0	0	0	0	0	0	0	0	0	0	0	0	0	0	0.0	0.0	0.0	0.0	0	0
24606	717	374	901	143	193	69	44	191	18	145	0	0	0	0	0	0	0	0	0	0	0	0	0	0	0	0	0.0	0.0	0.0	0.0	0	0
24639	663	428	901	143	193	69	44	191	18	145	0	0	0	0	0	0	0	0	0	0	0	0	0	0	0	0	0.0	0.0	0.0	0.0	0	0
24672	720	300	901	143	193	69	44	191	18	145	0	0	0	0	0	0	0	0	0	0	0	0	0	0	0	0	0.0	0.0	0.0	0.0	0	0
24705	517	517	901	143	193	69	44	191	18	145	0	0	0	0	0	0	0	0	0	0	0	0	0	0	0	0	0.0	0.0	0.0	0.0	0	0
24738	685	445	901	143	193	69	44	191	18	145	0	0	0	0	0	0	0	0	0	0	0	0	0	0	0	0	0.0	0.0	0.0	0.0	0	0
24771	416	208	901	143	193	69	44	191	18	145	0	0	0	0	0	0	0	0	0	0	0	0	0	0	0	0	0.0	0.0	0.0	0.0	0	0
24805	528	441	901	143	193	69	44	191	18	145	0	0	0	0	0	0	0	0	0	0	0	0	0	0	0	0	0.0	0.0	0.0	0.0	0	0
24838	905	453	901	143	193	69	44	191	18	145	0	0	0	0	0	0	0	0	0	0	0	0	0	0	0	0	0.0	0.0	0.0	0.0	0	0
24871	770	399	901	143	193	69	44	191	18	145	0	0	0	0	0	0	0	0	0	0	0	0	0	0	0	0	0.0	0.0	0.0	0.0	0	0
24907	776	338	901	143	193	69	44	191	18	145	0	0	0	0	0	0	0	0	0	0	0	0	0	0	0	0	0.0	0.0	-0.29411763	-0.15294117	0	-8
24938	600	442	901	143	193	69	44	191	18	145	0	0	0	0	0	0	0	0	0	0	0	0	0	0	0	0	0.0	0.0	-0.44313723	-0.29411763	0	-8
24974	475	495	901	143	193	69	44	191	18	145	0	0	0	0	0	0	0	0	0	0	0	0	0	0	0	0	0.0	0.0	-0.5529412	-0.38823527	0	-9
25006	527	590	901	143	193	69	44	191	18	145	0	0	0	0	0	0	0	0	0	0	0	0	0	0	0	0	0.0	0.0	-0.6313726	-0.47450978	0	-8
25039	421	416	901	143	193	69	44	191	18	145	0	0	0	0	0	0	0	0	0	0	0	0	0	0	0	0	0.0	0.0	-0.6392157	-0.5921569	0	-3
25073	321	191	901	143	193	69	44	191	18	145	0	0	0	0	0	0	0	0	0	0	0	0	0	0	0	0	0.0	0.0	-0.6	-0.6862745	0	4
25107	757	408	901	143	193	69	44	191	18	145	0	0	0	0	0	0	0	0	0	0	0	0	0	0	0	0	0.0	0.0	-0.6	-0.6862745	0	4
25140	708	348	901	143	193	69	44	191	18	145	0	0	0	0	0	0	0	0	0	0	0	0	0	0	0	0	0.0	0.0	-0.54509807	-0.5764706	0	1
25172	753	330	901	143	193	69	44	191	18	145	0	0	0	0	0	0	0	0	0	0	0	0	0	0	0	0	0.0	0.0	-0.36470586	-0.34117645	0	-2
25207	761	500	901	143	193	69	44	191	18	145	0	0	0	0	0	0	0	0	0	0	0	0	0	0	0	0	0.0	0.0	0.0	0.0	0	0
25238	672	333	901	143	193	69	44	191	18	145	0	0	0	0	0	0	0	0	0	0	0	0	0	0	0	0	0.0	0.0	0.0	0.0	0	0
25271	749	280	901	143	193	69	44	191	18	145	0	0	0	0	0	0	0	0	0	0	0	0	0	0	0	0	0.0	0.0	0.0	0.0	0	0
25304	627	352	901	143	193	69	44	191	18	145	0	0	0	0	0	0	0	0	0	0	0	0	0	0	0	0	0.0	0.0	0.0	0.0	0	0
25339	870	281	901	143	193	69	44	191	18	145	0	0	0	0	0	0	0	0	0	0	0	0	0	0	0	0	0.0	0.0	0.0	0.0	0	0
25374	429	435	901	143	193	69	44	191	18	145	0	0	0	0	0	0	0	0	0	0	0	0	0	0	0	0	0.0	0.0	0.0	0.0	0	0
25405	663	360	901	143	193	69	44	191	18	145	0	0	0	0	0	0	0	0	0	0	0	0	0	0	0	0	0.0	0.0	0.0	0.0	0	0
25437	502	377	901	143	193	69	44	191	18	145	0	0	0	0	0	0	0	0	0	0	0	0	0	0	0	0	0.0	0.0	0.0	0.0	0	0
25471	428	444	901	143	193	69	44	191	18	145	0	0	0	0	0	0	0	0	0	0	0	0	0	0	0	0	0.0	0.0	0.0	0.0	0	0
25504	748	428	901	143	193	69	44	191	18	145	0	0	0	0	0	0	0	0	0	0	0	0	0	0	0	0	0.0	0.0	0.0	0.0	0	0
25537	860	319	901	143	193	69	44	191	18	145	0	0	0	0	0	0	0	0	0	0	0	0	0	0	0	0	0.0	0.0	0.0	0.0	0	0
25570	495	395	901	143	193	69	44	191	18	145	0	0	0	0	0	0	0	0	0	0	0	0	0	0	0	0	0.0	0.0	0.0	0.0	0	0
25603	541	367	901	143	193	69	44	191	18	145	0	0	0	0	0	0	0	0	0	0	0	0	0	0	0	0	0.0	0.0	0.0	0.0	0	0
25637	842	375	901	143	193	69	44	191	18	145	0	0	0	0	0	0	0	0	0	0	0	0	0	0	0	0	0.0	0.0	0.0	0.0	0	0
25670	370	344	901	143	193	69	44	191	18	145	0	0	0	0	0	0	0	0	0	0	0	0	0	0	0	0	0.0	0.0	0.0	0.0	0	0
25703	536	366	901	143	193	69	44	191	18	145	0	0	0	0	0	0	0	0	0	0	0	0	0	0	0	0	0.0	0.0	0.0	0.0	0	0
25737	373	379	901	143	193	69	44	191	18	145	0	0	0	0	0	0	0	0	0	0	0	0	0	0	0	0	0.0	0.0	0.0	0.0	0	0
25770	857	383	901	143	193	69	44	191	18	145	0	0	0	0	0	0	0	0	0	0	0	0	0	0	0	0	0.0	0.0	0.0	0.0	0	0
25803	785	383	901	143	193	69	44	191	18	145	0	0	0	0	0	0	0	0	0	0	0	0	0	0	0	0	0.0	0.0	0.0	0.0	0	0
25837	743	376	901	143	193	69	44	191	18	145	0	0	0	0	0	0	0	0	0	0	0	0	0	0	0	0	0.0	0.0	0.0	0.0	0	0
25870	774	444	901	143	193	69	44	191	18	145	0	0	0	0	0	0	0	0	0	0	0	0	0	0	0	0	0.0	0.0	0.0	0.0	0	0
25903	757	423	901	143	193	69	44	191	18	145	0	0	0	0	0	0	0	0	0	0	0	0	0	0	0	0	0.0	0.0	0.0	0.0	0	0
25936	525	356	901	143	193	69	44	191	18	145	0	0	0	0	0	0	0	0	0	0	0	0	0	0	0	0	0.0	0.0	0.0	0.0	0	0
25969	857	403	901	143	193	69	44	191	18	145	0	0	0	0	0	0	0	0	0	0	0	0	0	0	0	0	0.0	0.0	0.0	0.0	0	0
26003	574	507	901	143	193	69	44	191	18	145	0	0	0	0	0	0	0	0	0	0	0	0	0	0	0	0	0.0	0.0	0.0	0.0	0	0
26036	640	273	901	143	193	69	44	191	18	145	0	0	0	0	0	0	0	0	0	0	0	0	0	0	0	0	0.0	0.0	0.0	0.0	0	0
26069	377	537	901	143	193	69	44	191	18	145	0	0	0	0	0	0	0	0	0	0	0	0	0	0	0	0	0.0	0.0	0.0	0.0	0	0
26107	1020	379	901	143	193	69	44	191	18	145	0	0	0	0	0	0	0	0	0	0	0	0	0	0	0	0	0.0	0.0	0.0	0.0	0	0
26136	677	282	901	143	193	69	44	191	18	145	0	0	0	0	0	0	0	0	0	0	0	0	0	0	0	0	0.0	0.0	0.0	0.0	0	0
26169	619	315	901	143	193	69	44	191	18	145	0	0	0	0	0	0	0	0	0	0	0	0	0	0	0	0	0.0	0.0	0.0	0.0	0	0
26202	758	308	901	143	193	69	44	191	18	145	0	0	0	0	0	0	0	0	0	0	0	0	0	0	0	0	0.0	0.0	0.0	0.0	0	0
26235	502	410	901	143	193	69	44	191	18	145	0	0	0	0	0	0	0	0	0	0	0	0	0	0	0	0	0.0	0.0	0.0	0.0	0	0
26269	903	335	901	143	193	69	44	191	18	145	0	0	0	0	0	0	0	0	0	0	0	0	0	0	0	0	0.0	0.0	0.0	0.0	0	0
26308	514	432	901	143	193	69	44	191	18	145	0	0	0	0	0	0	0	0	0	0	0	0	0	0	0	0	0.0	0.0	0.0	0.0	0	0
26336	745	341	901	143	193	69	44	191	18	145	0	0	0	0	0	0	0	0	0	0	0	0	0	0	0	0	0.0	0.0	0.0	0.0	0	0
26372	492	271	901	143	193	69	44	191	18	145	0	0	0	0	0	0	0	0	0	0	0	0	0	0	0	0	0.0	0.0	0.0	0.0	0	0
26407	786	423	901	143	193	69	44	191	18	145	0	0	0	0	0	0	0	0	0	0	0	0	0	0	0	0	0.0	0.0	0.0	0.0	0	0
26436	595	453	901	143	193	69	44	191	18	145	0	0	0	0	0	0	0	0	0	0	0	0	0	0	0	0	0.0	0.0	0.0	0.0	0	0
26474	359	522	901	143	193	69	44	191	18	145	0	0	0	0	0	0	0	0	0	0	0	0	0	0	0	0	0.0	0.0	0.0	0.0	0	0
26508	656	370	901	143	193	69	44	191	18	145	0	0	0	0	0	0	0	0	0	0	0	0	0	0	0	0	0.0	0.0	0.0	0.0	0	0
26540	831	420	901	143	193	69	44	191	18	145	0	0	0	0	0	0	0	0	0	0	0	0	0	0	0	0	0.0	0.0	0.0	0.0	0	0
26573	771	415	901	143	193	69	44	191	18	145	0	0	0	0	0	0	0	0	0	0	0	0	0	0	0	0	0.0	0.0	0.0	0.0	0	0
26603	695	418	901	143	193	69	44	191	18	145	0	0	0	0	0	0	0	0	0	0	0	0	0	0	0	0	0.0	0.0	0.0	0.0	0	0
26636	615	335	901	143	193	69	44	191	18	145	0	0	0	0	0	0	0	0	0	0	0	0	0	0	0	0	0.0	0.0	0.0	0.0	0	0
26669	908	318	901	143	193	69	44	191	18	145	0	0	0	0	0	0	0	0	0	0	0	0	0	0	0	0	0.0	0.0	0.0	0.0	0	0
26707	727	423	901	143	193	69	44	191	18	145	0	0	0	0	0	0	0	0	0	0	0	0	0	0	0	0	0.0	0.0	0.0	0.0	0	0
26735	614	384	901	143	193	69	44	191	18	145	0	0	0	0	0	0	0	0	0	0	0	0	0	0	0	0	0.0	0.0	0.0	0.0	0	0
26773	828	270	901	143	193	69	44	191	18	145	0	0	0	0	0	0	0	0	0	0	0	0	0	0	0	0	0.0	0.0	0.0	0.0	0	0
26803	898	404	901	143	193	69	44	191	18	145	0	0	0	0	0	0	0	0	0	0	0	0	0	0	0	0	0.0	0.0	0.0	0.0	0	0
26840	432	415	901	143	193	69	44	191	18	145	0	0	0	0	0	0	0	0	0	0	0	0	0	0	0	0	0.0	0.0	0.0	0.0	0	0
26874	492	449	901	143	193	69	44	191	18	145	0	0	0	0	0	0	0	0	0	0	0	0	0	0	0	0	0.0	0.0	0.0	0.0	0	0
26902	616	529	901	143	193	69	44	191	18	145	0	0	0	0	0	0	0	0	0	0	0	0	0	0	0	0	0.0	0.0	0.0	0.0	0	0
26941	366	502	901	143	193	69	44	191	18	145	0	0	0	0	0	0	0	0	0	0	0	0	0	0	0	0	0.0	0.0	0.0	0.0	0	0
26974	982	356	901	143	193	69	44	191	18	145	0	0	0	0	0	0	0	0	0	0	0	0	0	0	0	0	0.0	0.0	0.0	0.0	0	0
27006	865	374	901	143	193	69	44	191	18	145	0	0	0	0	0	0	0	0	0	0	0	0	0	0	0	0	0.0	0.0	0.0	0.0	0	0
27035	584	447	901	143	193	69	44	191	18	145	0	0	0	0	0	0	0	0	0	0	0	0	0	0	0	0	0.0	0.0	0.0	0.0	0	0
27074	627	378	901	143	193	69	44	191	18	145	0	0	0	0	0	0	0	0	0	0	0	0	0	0	0	0	0.0	0.0	0.0	0.0	0	0
27102	862	259	901	143	193	69	44	191	18	145	0	0	0	0	0	0	0	0	0	0	0	0	0	0	0	0	0.0	0.0	0.0	0.0	0	0
27140	556	386	901	143	193	69	44	191	18	145	0	0	0	0	0	0	0	0	0	0	0	0	0	0	0	0	0.0	0.0	0.0	0.0	0	0
27174	1115	464	901	143	193	69	44	191	18	145	0	0	0	0	0	0	0	0	0	0	0	0	0	0	0	0	0.0	0.0	0.0	0.0	0	0
27207	434	514	901	143	193	69	44	191	18	145	0	0	0	0	0	0	0	0	0	0	0	0	0	0	0	0	0.0	0.0	0.0	0.0	0	0
27240	785	472	901	143	193	69	44	191	18	145	0	0	0	0	0	0	0	0	0	0	0	0	0	0	0	0	0.0	0.0	0.0	0.0	0	0
27272	610	462	901	143	193	69	44	191	18	145	0	0	0	0	0	0	0	0	0	0	0	0	0	0	0	0	0.0	0.0	0.0	0.0	0	0
27307	521	375	901	143	193	69	44	191	18	145	0	0	0	0	0	0	0	0	0	0	0	0	0	0	0	0	0.0	0.0	0.0	0.0	0	0
27340	618	416	901	143	193	69	44	191	18	145	0	0	0	0	0	0	0	0	0	0	0	0	0	0	0	0	0.0	0.0	0.0	0.0	0	0
27373	892	428	901	143	193	69	44	191	18	145	0	0	0	0	0	0	0	0	0	0	0	0	0	0	0	0	0.0	0.0	0.0	0.0	0	0
27406	485	483	901	143	193	69	44	191	18	145	0	0	0	0	0	0	0	0	0	0	0	0	0	0	0	0	0.0	0.0	0.0	0.0	0	0
27440	478	426	901	143	193	69	44	191	18	145	0	0	0	0	0	0	0	0	0	0	0	0	0	0	0	0	0.0	0.0	0.0	0.0	0	0
27473	656	470	901	143	193	69	44	191	18	145	0	0	0	0	0	0	0	0	0	0	0	0	0	0	0	0	0.0	0.0	0.0	0.0	0	0
27506	817	479	901	143	193	69	44	191	18	145	0	0	0	0	0	0	0	0	0	0	0	0	0	0	0	0	0.0	0.0	0.0	0.0	0	0
27540	342	429	901	143	193	69	44	191	18	145	0	0	0	0	0	0	0	0	0	0	0	0	0	0	0	0	0.0	0.0	0.0	0.0	0	0
27572	675	498	901	143	193	69	44	191	18	145	0	0	0	0	0	0	0	0	0	0	0	0	0	0	0	0	0.0	0.0	0.0	0.0	0	0
27603	567	339	901	143	193	69	44	191	18	145	0	0	0	0	0	0	0	0	0	0	0	0	0	0	0	0	0.0	0.0	0.0	0.0	0	0
27640	405	456	901	143	193	69	44	191	18	145	0	0	0	0	0	0	0	0	0	0	0	0	0	0	0	0	0.0	0.0	0.0	0.0	0	0
27672	551	351	901	143	193	69	44	191	18	145	0	0	0	0	0	0	0	0	0	0	0	0	0	0	0	0	0.0	0.0	0.0	0.0	0	0
