millis	xpos	ypos	sX	sY	dpX	dpY	red	green	blue	opacity	A1	A2	A3	A4	L1	R1	L2	R2	S1	S2	M1	M2	up	down	left	right	anlgX	anlgY	anlgU	anlgV	joy1_int	joy2_int
1109	696	202	250	250	300	300	0	0	0	60	0	0	0	0	0	0	0	0	0	0	0	0	0	0	0	0	0.0	0.0	0.0	0.0	0	0
1118	534	388	250	250	300	300	0	0	0	60	0	0	0	0	0	0	0	0	0	0	0	0	0	0	0	0	0.0	0.0	0.0	0.0	0	0
1153	912	165	250	250	300	300	0	0	0	60	0	0	0	0	0	0	0	0	0	0	0	0	0	0	0	0	0.0	0.0	0.0	0.0	0	0
1186	898	530	250	250	300	300	0	0	0	60	0	0	0	0	0	0	0	0	0	0	0	0	0	0	0	0	0.0	0.0	0.0	0.0	0	0
1220	603	800	250	250	300	300	0	0	0	60	0	0	0	0	0	0	0	0	0	0	0	0	0	0	0	0	0.0	0.0	0.0	0.0	0	0
1254	1079	406	250	250	300	300	0	0	0	60	0	0	0	0	0	0	0	0	0	0	0	0	0	0	0	0	0.0	0.0	0.0	0.0	0	0
1287	360	565	250	250	300	300	0	0	0	60	0	0	0	0	0	0	0	0	0	0	0	0	0	0	0	0	0.0	0.0	0.0	0.0	0	0
1321	544	353	250	250	300	300	0	0	0	60	0	0	0	0	0	0	0	0	0	0	0	0	0	0	0	0	0.0	0.0	0.0	0.0	0	0
1353	888	0	250	250	300	300	0	0	0	60	0	0	0	0	0	0	0	0	0	0	0	0	0	0	0	0	0.0	0.0	0.0	0.0	0	0
1388	1074	257	250	250	300	300	0	0	0	60	0	0	0	0	0	0	0	0	0	0	0	0	0	0	0	0	0.0	0.0	0.0	0.0	0	0
1419	665	155	250	250	300	300	0	0	0	60	0	0	0	0	0	0	0	0	0	0	0	0	0	0	0	0	0.0	0.0	0.0	0.0	0	0
1454	463	765	250	250	300	300	0	0	0	60	0	0	0	0	0	0	0	0	0	0	0	0	0	0	0	0	0.0	0.0	0.0	0.0	0	0
1488	1150	800	250	250	300	300	0	0	0	60	0	0	0	0	0	0	0	0	0	0	0	0	0	0	0	0	0.0	0.0	0.0	0.0	0	0
1518	775	643	250	250	300	300	0	0	0	60	0	0	0	0	0	0	0	0	0	0	0	0	0	0	0	0	0.0	0.0	0.0	0.0	0	0
1555	964	510	250	250	300	300	0	0	0	60	0	0	0	0	0	0	0	0	0	0	0	0	0	0	0	0	0.0	0.0	0.0	0.0	0	0
1586	716	528	250	250	300	300	0	0	0	60	0	0	0	0	0	0	0	0	0	0	0	0	0	0	0	0	0.0	0.0	0.0	0.0	0	0
1622	1280	553	250	250	300	300	0	0	0	60	0	0	0	0	0	0	0	0	0	0	0	0	0	0	0	0	0.0	0.0	0.0	0.0	0	0
1650	922	224	250	250	300	300	0	0	0	60	0	0	0	0	0	0	0	0	0	0	0	0	0	0	0	0	0.0	0.0	0.0	0.0	0	0
1685	570	800	761	893	10	176	0	0	0	60	0	0	0	0	0	0	1	0	0	0	0	0	0	0	0	0	0.0	0.0	0.0	0.0	0	0
1723	636	391	627	864	231	247	21	209	119	134	0	0	0	0	0	0	1	0	0	0	0	0	0	0	0	0	0.0	0.0	0.0	0.0	0	0
1753	578	566	627	864	231	247	99	116	104	192	0	0	0	0	0	0	0	0	0	0	0	0	0	0	0	0	0.0	0.0	0.0	0.0	0	0
1786	859	255	627	864	231	247	99	116	104	192	0	0	0	0	0	0	0	0	0	0	0	0	0	0	0	0	0.0	0.0	0.0	0.0	0	0
1819	630	394	627	864	231	247	99	116	104	192	0	0	0	0	0	0	0	0	0	0	0	0	0	0	0	0	0.0	0.0	0.0	0.0	0	0
1853	767	451	627	864	231	247	99	116	104	192	0	0	0	0	0	0	0	0	0	0	0	0	0	0	0	0	0.0	0.0	0.0	0.0	0	0
1886	300	426	627	864	231	247	99	116	104	192	0	0	0	0	0	0	0	0	0	0	0	0	0	0	0	0	0.0	0.0	0.0	0.0	0	0
1917	712	317	627	864	231	247	99	116	104	192	0	0	0	0	0	0	0	0	0	0	0	0	0	0	0	0	0.0	0.0	0.0	0.0	0	0
1951	865	502	627	864	231	247	99	116	104	192	0	0	0	0	0	0	0	0	0	0	0	0	0	0	0	0	0.0	0.0	0.0	0.0	0	0
1987	825	461	627	864	231	247	99	116	104	192	0	0	0	0	0	0	0	0	0	0	0	0	0	0	0	0	0.0	0.0	0.0	0.0	0	0
2020	939	158	627	864	231	247	99	116	104	192	0	0	0	0	0	0	0	0	0	0	0	0	0	0	0	0	0.0	0.0	0.0	0.0	0	0
2054	627	0	627	864	231	247	99	116	104	192	0	0	0	0	0	0	0	0	0	0	0	0	0	0	0	0	0.0	0.0	0.0	0.0	0	0
2085	628	560	627	864	231	247	99	116	104	192	0	0	0	0	0	0	0	0	0	0	0	0	0	0	0	0	0.0	0.0	0.0	0.0	0	0
2121	611	187	627	864	231	247	99	116	104	192	0	0	0	0	0	0	0	0	0	0	0	0	0	0	0	0	0.0	0.0	0.0	0.0	0	0
2154	637	462	627	864	231	247	99	116	104	192	0	0	0	0	0	0	0	0	0	0	0	0	0	0	0	0	0.0	0.0	0.0	0.0	0	0
2185	864	175	627	864	231	247	99	116	104	192	0	0	0	0	0	0	0	0	0	0	0	0	0	0	0	0	0.0	0.0	0.0	0.0	0	0
2217	489	254	627	864	231	247	99	116	104	192	0	0	0	0	0	0	0	0	0	0	0	0	0	0	0	0	0.0	0.0	0.0	0.0	0	0
2251	736	0	627	864	231	247	99	116	104	192	0	0	0	0	0	0	0	0	0	0	0	0	0	0	0	0	0.0	0.0	0.0	0.0	0	0
2284	606	403	627	864	231	247	99	116	104	192	0	0	0	0	0	0	0	0	0	0	0	0	0	0	0	0	0.0	0.0	0.0	0.0	0	0
2320	808	484	627	864	231	247	99	116	104	192	0	0	0	0	0	0	0	0	0	0	0	0	0	0	0	0	0.0	0.0	0.0	0.0	0	0
2354	312	365	627	864	231	247	99	116	104	192	0	0	0	0	0	0	0	0	0	0	0	0	0	0	0	0	0.0	0.0	0.0	0.0	0	0
2385	515	467	627	864	231	247	99	116	104	192	0	0	0	0	0	1	0	0	0	0	0	0	0	0	0	0	0.0	0.0	0.0	0.0	0	0
2420	746	296	627	864	231	247	99	116	104	192	0	0	0	0	0	1	0	0	0	0	0	0	0	0	0	0	0.0	0.0	0.0	0.0	0	0
2454	372	800	627	864	231	247	99	116	104	192	0	0	0	0	0	1	0	0	0	0	0	0	0	0	0	0	0.0	0.0	0.0	0.0	0	0
2488	542	225	627	864	231	247	99	116	104	192	0	0	0	0	0	1	0	0	0	0	0	0	0	0	0	0	0.0	0.0	0.0	0.0	0	0
2522	648	290	627	864	231	247	99	116	104	192	0	0	0	0	0	1	0	0	0	0	0	0	0	0	0	0	0.0	0.0	0.0	0.0	0	0
2555	282	473	627	864	231	247	99	116	104	192	0	0	0	0	0	1	0	0	0	0	0	0	0	0	0	0	0.0	0.0	0.0	0.0	0	0
2584	612	115	627	864	231	247	99	116	104	192	0	0	0	0	0	1	0	0	0	0	0	0	0	0	0	0	0.0	0.0	0.0	0.0	0	0
2622	440	195	627	864	231	247	99	116	104	192	0	0	0	0	0	1	0	0	0	0	0	0	0	0	0	0	0.0	0.0	0.0	0.0	0	0
2652	168	777	627	864	231	247	99	116	104	192	0	0	0	0	0	1	0	0	0	0	0	0	0	0	0	0	-0.14509803	0.0	0.0	0.0	-8	0
2687	654	542	627	864	241	247	99	116	104	192	0	0	0	0	0	1	0	0	0	0	0	0	0	0	0	0	-0.3490196	0.0	0.0	0.0	-18	0
2724	668	158	627	864	258	240	99	116	104	192	0	0	0	0	0	1	0	0	0	0	0	0	0	0	0	0	-0.5686275	0.22352946	0.0	0.0	-40	0
2757	759	689	627	864	279	230	99	116	104	192	0	0	0	0	0	1	0	0	0	0	0	0	0	0	0	0	-0.7176471	0.3176471	0.0	0.0	-52	0
2790	761	298	627	864	301	219	99	116	104	192	0	0	0	0	0	1	0	0	0	0	0	0	0	0	0	0	-0.7490196	0.3411765	0.0	0.0	-55	0
2821	298	408	627	864	319	208	99	116	104	192	0	0	0	0	0	1	0	0	0	0	0	0	0	0	0	0	-0.60784316	0.35686278	0.0	0.0	-49	0
2852	1256	800	627	864	319	208	99	116	104	192	0	0	0	0	0	1	0	0	0	0	0	0	0	0	0	0	0.0	0.0	0.0	0.0	0	0
2887	725	559	627	864	319	208	99	116	104	192	0	0	0	0	0	1	0	0	0	0	0	0	0	0	0	0	0.0	0.0	0.0	0.0	0	0
2920	504	509	627	864	319	208	99	116	104	192	0	0	0	0	0	1	0	0	0	0	0	0	0	0	0	0	0.0	0.0	0.0	0.0	0	0
2950	865	653	627	864	319	208	99	116	104	192	0	0	0	0	0	1	0	0	0	0	0	0	0	0	0	0	0.0	0.0	0.0	0.0	0	0
2988	423	486	627	864	319	208	99	116	104	192	0	0	0	0	0	1	0	0	0	0	0	0	0	0	0	0	0.0	0.0	0.0	0.0	0	0
3021	18	346	627	864	319	208	99	116	104	192	0	0	0	0	0	1	0	0	0	0	0	0	0	0	0	0	0.0	0.0	0.0	0.0	0	0
3052	904	800	627	864	319	208	99	116	104	192	0	0	0	0	0	1	0	0	0	0	0	0	0	0	0	0	0.0	0.0	0.0	0.0	0	0
3088	1185	482	627	864	319	208	99	116	104	192	0	0	0	0	0	1	0	0	0	0	0	0	0	0	0	0	0.0	0.0	0.0	0.0	0	0
3118	706	294	627	864	319	208	99	116	104	192	0	0	0	0	0	1	0	0	0	0	0	0	0	0	0	0	0.0	0.0	0.0	0.0	0	0
3155	592	508	627	864	319	208	99	116	104	192	0	0	0	0	0	1	0	0	0	0	0	0	0	0	0	0	0.0	0.0	0.0	0.0	0	0
3184	1069	284	627	864	319	208	99	116	104	192	0	0	0	0	0	1	0	0	0	0	0	0	0	0	0	0	0.0	0.0	0.0	0.0	0	0
3220	901	243	627	864	319	208	99	116	104	192	0	0	0	0	0	1	0	0	0	0	0	0	0	0	0	0	0.0	0.0	0.0	0.0	0	0
3252	357	227	627	864	319	208	99	116	104	192	0	0	0	0	0	1	0	0	0	0	0	0	0	0	0	0	0.0	0.0	0.0	0.0	0	0
3286	582	182	627	864	319	208	99	116	104	192	0	0	0	0	0	1	0	0	0	0	0	0	0	0	0	0	0.0	0.0	0.0	0.0	0	0
3319	275	0	627	864	319	208	99	116	104	192	0	0	0	0	0	1	0	0	0	0	0	0	0	0	0	0	0.0	0.0	0.0	0.0	0	0
3352	927	563	627	864	319	208	99	116	104	192	0	0	0	0	0	1	0	0	0	0	0	0	0	0	0	0	0.0	0.0	0.0	0.0	0	0
3386	484	266	627	864	319	208	99	116	104	192	0	0	0	0	0	1	0	0	0	0	0	0	0	0	0	0	0.0	0.0	0.0	0.0	0	0
3421	764	648	627	864	319	208	99	116	104	192	0	0	0	0	0	1	0	0	0	0	0	0	0	0	0	0	0.0	0.0	0.0	0.0	0	0
3453	50	302	627	864	319	208	99	116	104	192	0	0	0	0	0	1	0	0	0	0	0	0	0	0	0	0	0.0	0.0	0.0	0.0	0	0
3486	341	406	627	864	319	208	99	116	104	192	0	0	0	0	0	1	0	0	0	0	0	0	0	0	0	0	0.0	0.0	0.0	0.0	0	0
3518	1280	735	627	864	319	208	99	116	104	192	0	0	0	0	0	1	0	0	0	0	0	0	0	0	0	0	0.0	0.0	0.0	0.0	0	0
3554	1277	584	627	864	319	208	99	116	104	192	0	0	0	0	0	1	0	0	0	0	0	0	0	0	0	0	0.0	0.0	0.0	0.0	0	0
3585	606	391	627	864	319	208	99	116	104	192	0	0	0	0	0	1	0	0	0	0	0	0	0	0	0	0	0.0	0.0	0.0	0.0	0	0
3618	820	346	627	864	319	208	99	116	104	192	0	0	0	0	0	1	0	0	0	0	0	0	0	0	0	0	0.0	0.0	0.0	0.0	0	0
3651	1083	540	627	864	319	208	99	116	104	192	0	0	0	0	0	1	0	0	0	0	0	0	0	0	0	0	0.0	0.0	0.0	0.0	0	0
3684	485	273	627	864	319	208	99	116	104	192	0	0	0	0	0	1	0	0	0	0	0	0	0	0	0	0	0.0	0.0	0.0	0.0	0	0
3717	827	319	627	864	319	208	99	116	104	192	0	0	0	0	0	1	0	0	0	0	0	0	0	0	0	0	0.0	0.0	0.0	0.0	0	0
3753	477	349	627	864	319	208	99	116	104	192	0	0	0	0	0	1	0	0	0	0	0	0	0	0	0	0	0.0	0.0	0.0	0.0	0	0
3783	871	525	627	864	319	208	99	116	104	192	0	0	0	0	0	1	0	0	0	0	0	0	0	0	0	0	0.0	0.0	0.0	0.0	0	0
3817	676	633	627	864	319	208	99	116	104	192	0	0	0	0	0	1	0	0	0	0	0	0	0	0	0	0	0.0	0.0	0.0	0.0	0	0
3851	693	226	627	864	319	208	99	116	104	192	0	0	0	0	0	1	0	0	0	0	0	0	0	0	0	0	0.0	0.0	0.0	0.0	0	0
3884	1280	348	627	864	319	208	99	116	104	192	0	0	0	0	0	1	0	0	0	0	0	0	0	0	0	0	0.0	0.0	0.0	0.0	0	0
3921	498	416	627	864	319	208	99	116	104	192	0	0	0	0	0	1	0	0	0	0	0	0	0	0	0	0	0.0	0.0	0.0	0.0	0	0
3956	778	248	627	864	319	208	99	116	104	192	0	0	0	0	0	1	0	0	0	0	0	0	0	0	0	0	0.0	0.0	0.0	0.0	0	0
3985	811	569	627	864	319	208	99	116	104	192	0	0	0	0	0	1	0	0	0	0	0	0	0	0	0	0	0.0	0.0	0.0	0.0	0	0
4018	547	0	627	864	319	208	99	116	104	192	0	0	0	0	0	1	0	0	0	0	0	0	0	0	0	0	0.0	0.0	0.0	0.0	0	0
4054	508	392	627	864	319	208	99	116	104	192	0	0	0	0	0	1	0	0	0	0	0	0	0	0	0	0	0.0	0.0	0.0	0.0	0	0
4084	663	346	627	864	319	208	99	116	104	192	0	0	0	0	0	1	0	0	0	0	0	0	0	0	0	0	0.0	0.0	0.0	0.0	0	0
4117	625	553	627	864	319	208	99	116	104	192	0	0	0	0	0	1	0	0	0	0	0	0	0	0	0	0	0.0	0.0	0.0	0.0	0	0
4150	860	292	627	864	319	208	99	116	104	192	0	0	0	0	0	1	0	0	0	0	0	0	0	0	0	0	0.0	0.0	0.0	0.0	0	0
4183	594	373	627	864	319	208	99	116	104	192	0	0	0	0	0	1	0	0	0	0	0	0	0	0	0	0	0.0	0.0	0.0	0.0	0	0
4217	827	68	627	864	319	208	99	116	104	192	0	0	0	0	0	1	0	0	0	0	0	0	0	0	0	0	0.0	0.0	0.0	0.0	0	0
4250	499	422	627	864	319	208	99	116	104	192	0	0	0	0	0	1	0	0	0	0	0	0	0	0	0	0	0.0	0.0	0.0	0.0	0	0
4283	150	587	627	864	319	208	99	116	104	192	0	0	0	0	0	1	0	0	0	0	0	0	0	0	0	0	0.0	0.0	0.0	0.0	0	0
4322	617	708	627	864	319	208	99	116	104	192	0	0	0	0	0	1	0	0	0	0	0	0	0	0	0	0	0.0	0.0	0.0	0.0	0	0
4351	290	428	627	864	319	208	99	116	104	192	0	0	0	0	0	1	0	0	0	0	0	0	0	0	0	0	0.0	0.0	0.0	0.0	0	0
4382	696	252	627	864	319	208	99	116	104	192	0	0	0	0	0	1	0	0	0	0	0	0	0	0	0	0	0.0	0.0	0.0	0.0	0	0
4417	686	440	627	864	319	208	99	116	104	192	0	0	0	0	0	1	0	0	0	0	0	0	0	0	0	0	0.0	0.0	0.0	0.0	0	0
4450	374	499	627	864	319	208	99	116	104	192	0	0	0	0	0	1	0	0	0	0	0	0	0	0	0	0	0.0	0.0	0.0	0.0	0	0
4484	989	800	627	864	319	208	99	116	104	192	0	0	0	0	0	1	0	0	0	0	0	0	0	0	0	0	0.0	0.0	0.0	0.0	0	0
4517	296	216	627	864	319	208	99	116	104	192	0	0	0	0	0	1	0	0	0	0	0	0	0	0	0	0	0.0	0.0	0.0	0.0	0	0
4553	662	168	627	864	319	208	99	116	104	192	0	0	0	0	0	1	0	0	0	0	0	0	0	0	0	0	0.0	0.0	0.0	0.0	0	0
4587	483	597	627	864	319	208	99	116	104	192	0	0	0	0	0	1	0	0	0	0	0	0	0	0	0	0	0.0	0.0	0.0	0.0	0	0
4617	1170	83	627	864	319	208	99	116	104	192	0	0	0	0	0	1	0	0	0	0	0	0	0	0	0	0	0.0	0.0	0.0	0.0	0	0
4650	563	226	627	864	319	208	99	116	104	192	0	0	0	0	0	1	0	0	0	0	0	0	0	0	0	0	0.0	0.0	0.0	0.0	0	0
4683	384	397	627	864	339	188	99	116	104	192	0	0	0	0	0	1	0	0	0	0	0	0	0	1	1	0	0.0	0.0	0.0	0.0	0	0
4721	612	340	627	864	359	168	99	116	104	192	0	0	0	0	0	1	0	0	0	0	0	0	0	1	1	0	0.0	0.0	0.0	0.0	0	0
4750	216	599	627	864	379	148	99	116	104	192	0	0	0	0	0	1	0	0	0	0	0	0	0	1	1	0	0.0	0.0	0.0	0.0	0	0
4785	920	631	627	864	399	128	99	116	104	192	0	0	0	0	0	1	0	0	0	0	0	0	0	1	1	0	0.0	0.0	0.0	0.0	0	0
4819	383	457	627	864	400	108	99	116	104	192	0	0	0	0	0	1	0	0	0	0	0	0	0	1	1	0	0.0	0.0	0.0	0.0	0	0
4851	993	451	627	864	400	88	99	116	104	192	0	0	0	0	0	1	0	0	0	0	0	0	0	1	1	0	0.0	0.0	0.0	0.0	0	0
4885	653	488	627	864	400	68	99	116	104	192	0	0	0	0	0	1	0	0	0	0	0	0	0	1	1	0	0.0	0.0	0.0	0.0	0	0
4918	1056	523	627	864	400	48	99	116	104	192	0	0	0	0	0	1	0	0	0	0	0	0	0	1	1	0	0.0	0.0	0.0	0.0	0	0
4950	892	347	627	864	400	28	99	116	104	192	0	0	0	0	0	1	0	0	0	0	0	0	0	1	1	0	0.0	0.0	0.0	0.0	0	0
4986	857	343	627	864	400	8	99	116	104	192	0	0	0	0	0	1	0	0	0	0	0	0	0	1	1	0	0.0	0.0	0.0	0.0	0	0
5016	677	397	627	864	400	0	99	116	104	192	0	0	0	0	0	1	0	0	0	0	0	0	0	1	1	0	0.0	0.0	0.0	0.0	0	0
5051	852	400	627	864	400	0	99	116	104	192	0	0	0	0	0	1	0	0	0	0	0	0	0	1	0	0	0.0	0.0	0.0	0.0	0	0
5084	0	400	627	864	400	0	99	116	104	192	0	0	0	0	0	1	0	0	0	0	0	0	0	0	0	0	0.0	0.0	0.0	0.0	0	0
5117	827	400	627	864	400	0	99	116	104	192	0	0	0	0	0	1	0	0	0	0	0	0	0	0	0	0	0.0	0.0	0.0	0.0	0	0
5150	499	400	627	864	400	0	99	116	104	192	0	0	0	0	0	1	0	0	0	0	0	0	0	0	0	0	0.0	0.0	0.0	0.0	0	0
5183	602	400	627	864	400	0	99	116	104	192	0	0	0	0	0	1	0	0	0	0	0	0	0	0	0	0	0.0	0.0	0.0	0.0	0	0
5218	592	400	627	864	400	0	99	116	104	192	0	0	0	0	0	1	0	0	0	0	0	0	0	0	0	0	0.0	0.0	0.0	0.0	0	0
5251	699	400	627	864	400	0	99	116	104	192	0	0	0	0	0	1	0	0	0	0	0	0	0	0	0	0	0.0	0.0	0.0	0.0	0	0
5285	108	400	627	864	380	0	99	116	104	192	0	0	0	0	0	1	0	0	0	0	0	0	0	0	0	1	0.0	0.0	0.0	0.0	0	0
5318	278	400	627	864	360	0	99	116	104	192	0	0	0	0	0	1	0	0	0	0	0	0	0	0	0	1	0.0	0.0	0.0	0.0	0	0
5351	938	400	627	864	340	0	99	116	104	192	0	0	0	0	0	1	0	0	0	0	0	0	0	0	0	1	0.0	0.0	0.0	0.0	0	0
5384	707	400	627	864	320	0	99	116	104	192	0	0	0	0	0	1	0	0	0	0	0	0	0	0	0	1	0.0	0.0	0.0	0.0	0	0
5416	756	400	627	864	300	0	99	116	104	192	0	0	0	0	0	1	0	0	0	0	0	0	0	0	0	1	0.0	0.0	0.0	0.0	0	0
5451	829	400	627	864	280	0	99	116	104	192	0	0	0	0	0	1	0	0	0	0	0	0	0	0	0	1	0.0	0.0	0.0	0.0	0	0
5484	1124	400	627	864	260	0	99	116	104	192	0	0	0	0	0	1	0	0	0	0	0	0	0	0	0	1	0.0	0.0	0.0	0.0	0	0
5517	918	400	627	864	240	0	99	116	104	192	0	0	0	0	0	1	0	0	0	0	0	0	0	0	0	1	0.0	0.0	0.0	0.0	0	0
5551	1157	400	627	864	220	0	99	116	104	192	0	0	0	0	0	1	0	0	0	0	0	0	0	0	0	1	0.0	0.0	0.0	0.0	0	0
5584	759	400	627	864	200	0	99	116	104	192	0	0	0	0	0	1	0	0	0	0	0	0	0	0	0	1	0.0	0.0	0.0	0.0	0	0
5617	455	400	627	864	180	0	99	116	104	192	0	0	0	0	0	1	0	0	0	0	0	0	0	0	0	1	0.0	0.0	0.0	0.0	0	0
5653	733	400	627	864	160	0	99	116	104	192	0	0	0	0	0	1	0	0	0	0	0	0	0	0	0	1	0.0	0.0	0.0	0.0	0	0
5688	621	400	627	864	160	0	99	116	104	192	0	0	0	0	0	1	0	0	0	0	0	0	0	0	0	0	0.0	0.0	0.0	0.0	0	0
5716	624	400	627	864	160	0	99	116	104	192	0	0	0	0	0	1	0	0	0	0	0	0	0	0	0	0	0.0	0.0	0.0	0.0	0	0
5753	707	400	627	864	160	0	99	116	104	192	0	0	0	0	0	1	0	0	0	0	0	0	0	0	0	0	0.0	0.0	0.0	0.0	0	0
5787	512	400	627	864	160	0	99	116	104	192	0	0	0	0	0	1	0	0	0	0	0	0	0	0	0	0	0.0	0.0	0.0	0.0	0	0
5816	513	400	627	864	160	0	99	116	104	192	0	0	0	0	0	1	0	0	0	0	0	0	0	0	0	0	0.0	0.0	0.0	0.0	0	0
5853	485	400	627	864	160	0	99	116	104	192	0	0	0	0	0	0	0	0	0	0	0	0	0	0	0	0	0.0	0.0	0.0	0.0	0	0
5883	531	400	627	864	160	0	99	116	104	192	0	0	0	0	0	0	0	0	0	0	0	0	0	0	0	0	0.0	0.0	0.0	0.0	0	0
5916	507	400	627	864	160	0	99	116	104	192	0	0	0	0	0	0	0	0	0	0	0	0	0	0	0	0	0.0	0.0	0.0	0.0	0	0
5954	910	400	627	864	160	0	99	116	104	192	0	0	0	0	0	0	0	0	0	0	0	0	0	0	0	0	0.0	0.0	0.0	0.0	0	0
5983	222	400	627	864	160	0	99	116	104	192	0	0	0	0	0	0	0	0	0	0	0	0	0	0	0	0	0.0	0.0	0.0	0.0	0	0
6016	514	400	627	864	160	0	99	116	104	192	0	0	0	0	0	0	0	0	0	0	0	0	0	0	0	0	0.0	0.0	0.0	0.0	0	0
6052	869	400	627	864	160	0	99	116	104	192	0	0	0	0	0	0	0	0	0	0	0	0	0	0	0	0	0.0	0.0	0.0	0.0	0	0
6087	721	400	627	864	160	0	99	116	104	192	0	0	0	0	0	0	0	0	0	0	0	0	0	0	0	0	0.0	0.0	0.0	0.0	0	0
6120	707	400	627	864	160	0	99	116	104	192	0	0	0	0	0	0	0	0	0	0	0	0	0	0	0	0	0.0	0.0	0.0	0.0	0	0
6149	699	400	627	864	160	0	99	116	104	192	0	0	0	0	0	0	0	0	0	0	0	0	0	0	0	0	0.0	0.0	0.0	0.0	0	0
6182	712	400	627	864	160	0	99	116	104	192	0	0	0	0	0	0	0	0	0	0	0	0	0	0	0	0	0.0	0.0	0.0	0.0	0	0
6221	574	400	627	864	160	0	99	116	104	192	0	0	0	0	0	0	0	0	0	0	0	0	0	0	0	0	0.0	0.0	0.0	0.0	0	0
6254	626	400	627	864	160	0	99	116	104	192	0	0	0	0	0	0	0	0	0	0	0	0	0	0	0	0	0.0	0.0	0.0	0.0	0	0
6288	696	400	627	864	160	0	99	116	104	192	0	0	0	0	0	0	0	0	0	0	0	0	0	0	0	0	0.0	0.0	0.0	0.0	0	0
6321	862	400	627	864	160	0	99	116	104	192	0	0	0	0	0	0	0	0	0	0	0	0	0	0	0	0	0.0	0.0	0.0	0.0	0	0
6354	601	400	627	864	160	0	99	116	104	192	0	0	0	0	0	0	0	0	0	0	0	0	0	0	0	0	0.0	0.0	0.0	0.0	0	0
6387	545	400	627	864	160	0	99	116	104	192	0	0	0	0	0	0	0	0	0	0	0	0	0	0	0	0	0.0	0.0	0.0	0.0	0	0
6421	534	400	627	864	160	0	99	116	104	192	0	0	0	0	0	0	0	0	0	0	0	0	0	0	0	0	0.0	0.0	0.0	0.0	0	0
6454	403	400	627	864	160	0	99	116	104	192	0	0	0	0	0	0	0	0	0	0	0	0	0	0	0	0	0.0	0.0	0.0	0.0	0	0
6487	825	400	627	864	160	0	99	116	104	192	0	0	0	0	0	0	0	0	0	0	0	0	0	0	0	0	0.0	0.0	0.0	0.0	0	0
6523	628	400	627	864	160	0	99	116	104	192	0	0	0	0	0	0	0	0	0	0	0	0	0	0	0	0	0.0	0.0	0.0	0.0	0	0
6553	640	400	627	864	160	0	99	116	104	192	0	0	0	0	0	0	0	0	0	0	0	0	0	0	0	0	0.0	0.0	0.0	0.0	0	0
6587	514	400	627	864	160	0	99	116	104	192	0	0	0	0	0	0	0	0	0	0	0	0	0	0	0	0	0.0	0.0	0.0	0.0	0	0
6619	555	400	627	864	160	0	99	116	104	192	0	0	0	0	0	0	0	0	0	0	0	0	0	0	0	0	0.0	0.0	0.0	0.0	0	0
6652	673	400	627	864	160	0	99	116	104	192	0	0	0	0	0	0	0	0	0	0	0	0	0	0	0	0	0.0	0.0	0.0	0.0	0	0
6686	752	400	627	864	160	0	99	116	104	192	0	0	0	0	0	0	0	0	0	0	0	0	0	0	0	0	0.0	0.0	0.0	0.0	0	0
6720	600	400	627	864	160	0	99	116	104	192	0	0	0	0	0	0	0	0	0	0	0	0	0	0	0	0	0.0	0.0	0.0	0.0	0	0
6752	482	400	627	864	160	0	99	116	104	192	0	0	0	0	0	0	0	0	0	0	0	0	0	0	0	0	0.0	0.0	0.0	0.0	0	0
6786	246	400	627	864	160	0	99	116	104	192	0	0	0	0	0	0	0	0	0	0	0	0	0	0	0	0	0.0	0.0	0.0	0.0	0	0
6820	838	400	627	864	160	0	99	116	104	192	0	0	0	0	0	0	0	0	0	0	0	0	0	0	0	0	0.0	0.0	0.0	0.0	0	0
6853	693	400	627	864	160	0	99	116	104	192	0	0	0	0	0	0	0	0	0	0	0	0	0	0	0	0	0.0	0.0	0.0	0.0	0	0
6886	445	400	627	864	160	0	99	116	104	192	0	0	0	0	0	0	0	0	0	0	0	0	0	0	0	0	0.0	0.0	0.0	0.0	0	0
6919	449	400	627	864	160	0	99	116	104	192	0	0	0	0	0	0	0	0	0	0	0	0	0	0	0	0	0.0	0.0	0.0	0.0	0	0
6952	908	400	627	864	160	0	99	116	104	192	0	0	0	0	0	0	0	0	0	0	0	0	0	0	0	0	0.0	0.0	0.0	0.0	0	0
6988	578	400	627	864	160	0	99	116	104	192	0	0	0	0	0	1	0	0	0	0	0	0	0	0	0	0	0.0	0.0	0.0	0.0	0	0
7019	877	400	627	864	160	0	99	116	104	192	0	0	0	0	0	1	0	0	0	0	0	0	0	0	0	0	0.0	0.0	0.0	0.0	0	0
7051	549	400	627	864	160	0	99	116	104	192	0	0	0	0	0	1	0	0	0	0	0	0	0	0	0	0	0.0	0.0	0.0	0.0	0	0
7085	590	400	627	864	160	0	99	116	104	192	0	0	0	0	0	1	0	0	0	0	0	0	0	0	0	0	0.0	0.0	0.0	0.0	0	0
7118	644	400	627	864	160	0	99	116	104	192	0	0	0	0	0	1	0	0	0	0	0	0	0	0	0	0	0.0	0.0	0.0	0.0	0	0
7152	624	400	627	864	180	0	99	116	104	192	0	0	0	0	0	1	0	0	0	0	0	0	0	1	1	0	0.0	0.0	0.0	0.0	0	0
7185	521	400	627	864	200	0	99	116	104	192	0	0	0	0	0	1	0	0	0	0	0	0	0	1	1	0	0.0	0.0	0.0	0.0	0	0
7217	446	400	627	864	220	0	99	116	104	192	0	0	0	0	0	1	0	0	0	0	0	0	0	1	1	0	0.0	0.0	0.0	0.0	0	0
7251	477	400	627	864	240	0	99	116	104	192	0	0	0	0	0	1	0	0	0	0	0	0	0	1	1	0	0.0	0.0	0.0	0.0	0	0
7284	751	400	627	864	260	0	99	116	104	192	0	0	0	0	0	1	0	0	0	0	0	0	0	1	1	0	0.0	0.0	0.0	0.0	0	0
7318	980	400	627	864	280	0	99	116	104	192	0	0	0	0	0	1	0	0	0	0	0	0	0	1	1	0	0.0	0.0	0.0	0.0	0	0
7353	565	400	627	864	300	0	99	116	104	192	0	0	0	0	0	1	0	0	0	0	0	0	0	1	1	0	0.0	0.0	0.0	0.0	0	0
7386	1264	400	627	864	320	0	99	116	104	192	0	0	0	0	0	1	0	0	0	0	0	0	0	1	1	0	0.0	0.0	0.0	0.0	0	0
7418	506	400	627	864	340	0	99	116	104	192	0	0	0	0	0	1	0	0	0	0	0	0	0	1	1	0	0.0	0.0	0.0	0.0	0	0
7451	850	400	627	864	360	0	99	116	104	192	0	0	0	0	0	1	0	0	0	0	0	0	0	1	1	0	0.0	0.0	0.0	0.0	0	0
7484	777	400	627	864	380	0	99	116	104	192	0	0	0	0	0	1	0	0	0	0	0	0	0	0	1	0	0.0	0.0	0.0	0.0	0	0
7517	1146	400	627	864	380	0	99	116	104	192	0	0	0	0	0	1	0	0	0	0	0	0	0	0	0	0	0.0	0.0	0.0	0.0	0	0
7553	485	400	627	864	360	0	99	116	104	192	0	0	0	0	0	1	0	0	0	0	0	0	0	0	0	1	0.0	0.0	0.0	0.0	0	0
7587	0	400	627	864	340	0	99	116	104	192	0	0	0	0	0	1	0	0	0	0	0	0	0	1	0	1	0.0	0.0	0.0	0.0	0	0
7619	997	400	627	864	320	0	99	116	104	192	0	0	0	0	0	1	0	0	0	0	0	0	0	1	0	1	0.0	0.0	0.0	0.0	0	0
7651	454	400	627	864	300	0	99	116	104	192	0	0	0	0	0	1	0	0	0	0	0	0	0	1	0	1	0.0	0.0	0.0	0.0	0	0
7687	571	400	627	864	280	0	99	116	104	192	0	0	0	0	0	1	0	0	0	0	0	0	0	1	0	1	0.0	0.0	0.0	0.0	0	0
7720	1280	400	627	864	260	0	99	116	104	192	0	0	0	0	0	1	0	0	0	0	0	0	0	1	0	1	0.0	0.0	0.0	0.0	0	0
7751	429	400	627	864	240	0	99	116	104	192	0	0	0	0	0	1	0	0	0	0	0	0	0	1	0	1	0.0	0.0	0.0	0.0	0	0
7787	573	400	627	864	220	0	99	116	104	192	0	0	0	0	0	1	0	0	0	0	0	0	0	1	0	1	0.0	0.0	0.0	0.0	0	0
7819	523	400	627	864	200	0	99	116	104	192	0	0	0	0	0	1	0	0	0	0	0	0	0	1	0	1	0.0	0.0	0.0	0.0	0	0
7852	452	400	627	864	180	0	99	116	104	192	0	0	0	0	0	1	0	0	0	0	0	0	0	1	0	1	0.0	0.0	0.0	0.0	0	0
7885	544	400	627	864	160	0	99	116	104	192	0	0	0	0	0	1	0	0	0	0	0	0	0	1	0	1	0.0	0.0	0.0	0.0	0	0
7919	622	400	627	864	140	0	99	116	104	192	0	0	0	0	0	1	0	0	0	0	0	0	0	1	0	1	0.0	0.0	0.0	0.0	0	0
7953	418	400	627	864	120	0	99	116	104	192	0	0	0	0	0	1	0	0	0	0	0	0	0	1	0	1	0.0	0.0	0.0	0.0	0	0
7987	784	400	627	864	100	0	99	116	104	192	0	0	0	0	0	1	0	0	0	0	0	0	0	1	0	1	0.0	0.0	0.0	0.0	0	0
8019	605	400	627	864	80	0	99	116	104	192	0	0	0	0	0	1	0	0	0	0	0	0	0	1	0	1	0.0	0.0	0.0	0.0	0	0
8054	579	400	627	864	60	0	99	116	104	192	0	0	0	0	0	1	0	0	0	0	0	0	0	1	0	1	0.0	0.0	0.0	0.0	0	0
8084	634	400	627	864	40	0	99	116	104	192	0	0	0	0	0	1	0	0	0	0	0	0	0	1	0	1	0.0	0.0	0.0	0.0	0	0
8119	634	400	627	864	20	0	99	116	104	192	0	0	0	0	0	1	0	0	0	0	0	0	0	1	0	1	0.0	0.0	0.0	0.0	0	0
8153	660	400	627	864	0	0	99	116	104	192	0	0	0	0	0	1	0	0	0	0	0	0	0	1	0	1	0.0	0.0	0.0	0.0	0	0
8185	640	400	627	864	0	0	99	116	104	192	0	0	0	0	0	1	0	0	0	0	0	0	0	1	0	1	0.0	0.0	0.0	0.0	0	0
8219	640	400	627	864	0	0	99	116	104	192	0	0	0	0	0	1	0	0	0	0	0	0	0	1	0	1	0.0	0.0	0.0	0.0	0	0
8253	640	400	627	864	0	0	99	116	104	192	0	0	0	0	0	1	0	0	0	0	0	0	0	1	0	1	0.0	0.0	0.0	0.0	0	0
8284	640	400	627	864	0	0	99	116	104	192	0	0	0	0	0	1	0	0	0	0	0	0	0	1	0	1	0.0	0.0	0.0	0.0	0	0
8319	640	400	627	864	0	0	99	116	104	192	0	0	0	0	0	1	0	0	0	0	0	0	0	1	0	1	0.0	0.0	0.0	0.0	0	0
8350	640	400	627	864	0	0	99	116	104	192	0	0	0	0	0	1	0	0	0	0	0	0	0	1	0	1	0.0	0.0	0.0	0.0	0	0
8386	640	400	627	864	0	0	99	116	104	192	0	0	0	0	0	1	0	0	0	0	0	0	0	1	0	1	0.0	0.0	0.0	0.0	0	0
8420	640	400	627	864	0	0	99	116	104	192	0	0	0	0	0	1	0	0	0	0	0	0	0	1	0	1	0.0	0.0	0.0	0.0	0	0
8454	640	400	627	864	0	0	99	116	104	192	0	0	0	0	0	1	0	0	0	0	0	0	0	1	0	1	0.0	0.0	0.0	0.0	0	0
8483	640	400	627	864	0	0	99	116	104	192	0	0	0	0	0	1	0	0	0	0	0	0	0	1	0	1	0.0	0.0	0.0	0.0	0	0
8521	640	400	627	864	0	0	99	116	104	192	0	0	0	0	0	1	0	0	0	0	0	0	0	1	0	1	0.0	0.0	0.0	0.0	0	0
8549	640	400	627	864	0	0	99	116	104	192	0	0	0	0	0	1	0	0	0	0	0	0	0	1	0	1	0.0	0.0	0.0	0.0	0	0
8587	640	400	627	864	0	0	99	116	104	192	0	0	0	0	0	1	0	0	0	0	0	0	0	1	0	1	0.0	0.0	0.0	0.0	0	0
8619	640	400	627	864	0	0	99	116	104	192	0	0	0	0	0	1	0	0	0	0	0	0	0	0	0	0	0.0	0.0	0.0	0.0	0	0
8654	640	400	627	864	0	0	99	116	104	192	0	0	0	0	0	1	0	0	0	0	0	0	0	0	0	0	0.0	0.0	0.0	0.0	0	0
8685	640	400	627	864	0	0	99	116	104	192	0	0	0	0	0	1	0	0	0	0	0	0	0	0	0	0	0.0	0.0	0.0	0.0	0	0
8720	640	400	627	864	0	0	99	116	104	192	0	0	0	0	0	1	0	0	0	0	0	0	0	0	0	0	0.0	0.0	0.0	0.0	0	0
8754	640	400	627	864	0	0	99	116	104	192	0	0	0	0	0	1	0	0	0	0	0	0	0	0	0	0	0.0	0.0	0.0	0.0	0	0
8782	640	400	627	864	0	0	99	116	104	192	0	0	0	0	0	1	0	0	0	0	0	0	0	0	0	0	0.0	0.0	0.0	0.0	0	0
8818	640	400	627	864	0	0	99	116	104	192	0	0	0	0	0	1	0	0	0	0	0	0	0	0	0	0	0.0	0.0	0.0	0.0	0	0
8853	640	400	627	864	0	0	99	116	104	192	0	0	0	0	0	1	0	0	0	0	0	0	0	0	0	0	0.0	0.0	0.0	0.0	0	0
8887	640	400	627	864	0	0	99	116	104	192	0	0	0	0	0	1	0	0	0	0	0	0	0	0	0	0	0.0	0.0	0.0	0.0	0	0
8920	640	400	627	864	0	0	99	116	104	192	0	0	0	0	0	1	0	0	0	0	0	0	0	0	0	0	0.0	0.0	0.0	0.0	0	0
8953	640	400	627	864	0	0	99	116	104	192	0	0	0	0	0	1	0	0	0	0	0	0	0	0	0	0	0.0	0.0	0.0	0.0	0	0
8986	640	400	627	864	0	0	99	116	104	192	0	0	0	0	0	1	0	0	0	0	0	0	0	0	0	0	0.0	0.0	0.0	0.0	0	0
9019	640	400	627	864	0	0	99	116	104	192	0	0	0	0	0	1	0	0	0	0	0	0	0	0	0	0	0.0	0.0	0.0	0.0	0	0
9054	640	400	627	864	0	0	99	116	104	192	0	0	0	0	0	1	0	0	0	0	0	0	0	0	0	0	0.0	0.0	0.0	0.0	0	0
9085	640	400	627	864	0	0	99	116	104	192	0	0	0	0	0	1	0	0	0	0	0	0	0	0	0	0	0.0	0.0	0.0	0.0	0	0
9117	640	400	627	864	0	0	99	116	104	192	0	0	0	0	0	1	0	0	0	0	0	0	0	0	0	0	0.0	0.0	0.0	0.0	0	0
9153	640	400	627	864	0	0	99	116	104	192	0	0	0	0	0	1	0	0	0	0	0	0	0	0	0	0	0.0	0.0	0.0	0.0	0	0
9182	640	400	627	864	0	0	99	116	104	192	0	0	0	0	0	1	0	0	0	0	0	0	0	0	0	0	0.0	0.0	0.0	0.0	0	0
9219	640	400	627	864	0	0	99	116	104	192	0	0	0	0	0	1	0	0	0	0	0	0	0	0	0	0	0.0	0.0	0.0	0.0	0	0
9251	640	400	627	864	0	0	99	116	104	192	0	0	0	0	0	1	0	0	0	0	0	0	0	0	0	0	0.0	0.0	0.0	0.0	0	0
9288	640	400	627	864	0	0	99	116	104	192	0	0	0	0	0	1	0	0	0	0	0	0	0	0	0	1	0.0	0.0	0.0	0.0	0	0
9321	640	400	627	864	0	0	99	116	104	192	0	0	0	0	0	1	0	0	0	0	0	0	0	0	0	1	0.0	0.0	0.0	0.0	0	0
9352	640	400	627	864	0	0	99	116	104	192	0	0	0	0	0	1	0	0	0	0	0	0	0	0	0	1	0.0	0.0	0.0	0.0	0	0
9385	640	400	627	864	0	0	99	116	104	192	0	0	0	0	0	1	0	0	0	0	0	0	0	0	0	1	0.0	0.0	0.0	0.0	0	0
9419	640	400	627	864	0	0	99	116	104	192	0	0	0	0	0	1	0	0	0	0	0	0	0	0	0	1	0.0	0.0	0.0	0.0	0	0
9450	640	400	627	864	0	0	99	116	104	192	0	0	0	0	0	1	0	0	0	0	0	0	0	1	0	1	0.0	0.0	0.0	0.0	0	0
9487	640	400	627	864	0	0	99	116	104	192	0	0	0	0	0	1	0	0	0	0	0	0	0	1	0	1	0.0	0.0	0.0	0.0	0	0
9516	640	400	627	864	0	0	99	116	104	192	0	0	0	0	0	1	0	0	0	0	0	0	0	1	0	1	0.0	0.0	0.0	0.0	0	0
9552	640	400	627	864	0	0	99	116	104	192	0	0	0	0	0	1	0	0	0	0	0	0	0	1	0	1	0.0	0.0	0.0	0.0	0	0
9585	640	400	627	864	0	0	99	116	104	192	0	0	0	0	0	1	0	0	0	0	0	0	0	1	0	1	0.0	0.0	0.0	0.0	0	0
9618	640	400	627	864	0	0	99	116	104	192	0	0	0	0	0	1	0	0	0	0	0	0	0	1	0	1	0.0	0.0	0.0	0.0	0	0
9650	640	400	627	864	0	0	99	116	104	192	0	0	0	0	0	1	0	0	0	0	0	0	0	1	0	1	0.0	0.0	0.0	0.0	0	0
9686	640	400	627	864	0	0	99	116	104	192	0	0	0	0	0	1	0	0	0	0	0	0	0	1	0	1	0.0	0.0	0.0	0.0	0	0
9720	640	400	627	864	0	0	99	116	104	192	0	0	0	0	0	1	0	0	0	0	0	0	0	1	0	1	0.0	0.0	0.0	0.0	0	0
9749	640	400	627	864	0	0	99	116	104	192	0	0	0	0	0	1	0	0	0	0	0	0	0	1	0	1	0.0	0.0	0.0	0.0	0	0
9783	640	400	627	864	0	0	99	116	104	192	0	0	0	0	0	1	0	0	0	0	0	0	0	1	0	1	0.0	0.0	0.0	0.0	0	0
9819	640	400	627	864	0	0	99	116	104	192	0	0	0	0	0	1	0	0	0	0	0	0	0	0	0	1	0.0	0.0	0.0	0.0	0	0
9850	640	400	627	864	0	0	99	116	104	192	0	0	0	0	0	0	0	0	0	0	0	0	0	0	0	0	0.0	0.0	0.0	0.0	0	0
9886	640	400	627	864	0	0	99	116	104	192	0	0	0	0	0	0	0	0	0	0	0	0	0	0	0	0	0.0	0.0	0.0	0.0	0	0
9920	640	400	627	864	0	0	99	116	104	192	0	0	0	0	0	0	0	0	0	0	0	0	0	0	0	0	0.0	0.0	0.0	0.0	0	0
9953	640	400	627	864	0	0	99	116	104	192	0	0	0	0	0	0	0	0	0	0	0	0	0	0	0	0	0.0	0.0	0.0	0.0	0	0
9986	640	400	627	864	0	0	99	116	104	192	0	0	0	0	0	0	0	0	0	0	0	0	0	0	0	0	0.0	0.0	0.0	0.0	0	0
10020	640	400	627	864	0	0	99	116	104	192	0	0	0	0	0	0	0	0	0	0	0	0	0	0	0	0	0.0	0.0	0.0	0.0	0	0
10051	640	400	627	864	0	0	99	116	104	192	0	0	0	0	0	0	0	0	0	0	0	0	0	0	0	1	0.0	0.0	0.0	0.0	0	0
10085	640	400	627	864	0	0	99	116	104	192	0	0	0	0	0	0	0	0	0	0	0	0	0	0	0	1	0.0	0.0	0.0	0.0	0	0
10119	640	400	627	864	0	0	99	116	104	192	0	0	0	0	0	0	0	0	0	0	0	0	0	0	0	1	0.0	0.0	0.0	0.0	0	0
10152	640	400	627	864	0	0	99	116	104	192	0	0	0	0	0	0	0	0	0	0	0	0	0	0	0	1	0.0	0.0	0.0	0.0	0	0
10185	640	400	627	864	0	0	99	116	104	192	0	0	0	0	0	0	0	0	0	0	0	0	0	0	0	1	0.0	0.0	0.0	0.0	0	0
10218	640	400	627	864	0	0	99	116	104	192	0	0	0	0	0	0	0	0	0	0	0	0	1	0	0	1	0.0	0.0	0.0	0.0	0	0
10254	640	400	657	894	0	0	99	116	104	192	0	0	0	0	1	0	0	0	0	0	0	0	1	0	0	1	0.0	0.0	0.0	0.0	0	0
10284	640	400	687	924	0	0	99	116	104	192	0	0	0	0	1	0	0	0	0	0	0	0	1	0	0	1	0.0	0.0	0.0	0.0	0	0
10318	640	400	717	954	0	0	99	116	104	192	0	0	0	0	1	0	0	0	0	0	0	0	1	0	0	1	0.0	0.0	0.0	0.0	0	0
10352	640	400	747	984	0	0	99	116	104	192	0	0	0	0	1	0	0	0	0	0	0	0	1	0	0	1	0.0	0.0	0.0	0.0	0	0
10385	640	400	777	999	0	0	99	116	104	192	0	0	0	0	1	0	0	0	0	0	0	0	1	0	0	1	0.0	0.0	0.0	0.0	0	0
10418	640	400	807	999	0	0	99	116	104	192	0	0	0	0	1	0	0	0	0	0	0	0	1	0	0	1	0.0	0.0	0.0	0.0	0	0
10451	640	400	837	999	0	0	99	116	104	192	0	0	0	0	1	0	0	0	0	0	0	0	1	0	0	1	0.0	0.0	0.0	0.0	0	0
10483	640	400	867	999	0	0	99	116	104	192	0	0	0	0	1	0	0	0	0	0	0	0	1	0	0	1	0.0	0.0	0.0	0.0	0	0
10518	640	400	897	999	0	0	99	116	104	192	0	0	0	0	1	0	0	0	0	0	0	0	1	0	0	1	0.0	0.0	0.0	0.0	0	0
10551	640	400	927	999	0	0	99	116	104	192	0	0	0	0	1	0	0	0	0	0	0	0	1	0	0	1	0.0	0.0	0.0	0.0	0	0
10584	640	400	957	999	0	0	99	116	104	192	0	0	0	0	1	0	0	0	0	0	0	0	1	0	0	1	0.0	0.0	0.0	0.0	0	0
10618	640	400	987	999	0	0	99	116	104	192	0	0	0	0	1	0	0	0	0	0	0	0	1	0	0	1	0.0	0.0	0.0	0.0	0	0
10654	640	400	999	999	0	0	99	116	104	192	0	0	0	0	1	0	0	0	0	0	0	0	1	0	0	1	0.0	0.0	0.0	0.0	0	0
10685	640	400	999	999	0	0	99	116	104	192	0	0	0	0	1	0	0	0	0	0	0	0	1	0	0	1	0.0	0.0	0.0	0.0	0	0
10718	640	400	999	999	0	0	99	116	104	192	0	0	0	0	1	0	0	0	0	0	0	0	1	0	0	1	0.0	0.0	0.0	0.0	0	0
10754	640	400	999	999	0	0	99	116	104	192	0	0	0	0	1	0	0	0	0	0	0	0	1	0	0	1	0.0	0.0	0.0	0.0	0	0
10784	640	400	999	999	0	0	99	116	104	192	0	0	0	0	1	0	0	0	0	0	0	0	1	0	0	1	0.0	0.0	0.0	0.0	0	0
10817	640	400	999	999	0	0	99	116	104	192	0	0	0	0	1	0	0	0	0	0	0	0	1	0	0	1	0.0	0.0	0.0	0.0	0	0
10853	640	400	999	999	0	0	99	116	104	192	0	0	0	0	1	0	0	0	0	0	0	0	1	0	0	1	0.0	0.0	0.0	0.0	0	0
10883	640	400	999	999	0	0	99	116	104	192	0	0	0	0	1	0	0	0	0	0	0	0	1	0	0	1	0.0	0.0	0.0	0.0	0	0
10917	640	400	999	999	0	0	99	116	104	192	0	0	0	0	1	0	0	0	0	0	0	0	1	0	0	1	0.0	0.0	0.0	0.0	0	0
10950	640	400	999	999	0	0	99	116	104	192	0	0	0	0	1	0	0	0	0	0	0	0	1	0	0	1	0.0	0.0	0.0	0.0	0	0
10985	640	400	999	999	0	0	99	116	104	192	0	0	0	0	1	0	0	0	0	0	0	0	1	0	0	1	0.0	0.0	0.0	0.0	0	0
11017	640	400	999	999	0	0	99	116	104	192	0	0	0	0	1	0	0	0	0	0	0	0	1	0	0	1	0.0	0.0	0.0	0.0	0	0
11050	640	400	999	999	0	0	99	116	104	192	0	0	0	0	1	0	0	0	0	0	0	0	1	0	0	1	0.0	0.0	0.0	0.0	0	0
11083	640	400	999	999	0	0	99	116	104	192	0	0	0	0	1	0	0	0	0	0	0	0	1	0	0	1	0.0	0.0	0.0	0.0	0	0
11116	640	400	999	999	0	0	99	116	104	192	0	0	0	0	1	0	0	0	0	0	0	0	1	0	0	1	0.0	0.0	0.0	0.0	0	0
11150	640	400	999	999	0	0	99	116	104	192	0	0	0	0	1	0	0	0	0	0	0	0	1	0	0	1	0.0	0.0	0.0	0.0	0	0
11186	640	400	999	999	0	0	99	116	104	192	0	0	0	0	1	0	0	0	0	0	0	0	1	0	0	1	0.0	0.0	0.0	0.0	0	0
11216	640	400	999	999	0	0	99	116	104	192	0	0	0	0	1	0	0	0	0	0	0	0	1	0	0	1	0.0	0.0	0.0	0.0	0	0
11250	640	400	999	999	0	0	99	116	104	192	0	0	0	0	1	0	0	0	0	0	0	0	1	0	0	1	0.0	0.0	0.0	0.0	0	0
11288	640	400	999	999	0	0	99	116	104	192	0	0	0	0	1	0	0	0	0	0	0	0	1	0	0	1	0.0	0.0	0.0	0.0	0	0
11317	640	400	999	999	0	0	99	116	104	192	0	0	0	0	1	0	0	0	0	0	0	0	1	0	0	1	0.0	0.0	0.0	0.0	0	0
11355	640	400	999	999	0	0	99	116	104	192	0	0	0	0	1	0	0	0	0	0	0	0	1	0	0	1	0.0	0.0	0.0	0.0	0	0
11383	640	400	999	999	0	0	99	116	104	192	0	0	0	0	1	0	0	0	0	0	0	0	1	0	0	1	0.0	0.0	0.0	0.0	0	0
11419	640	400	999	999	0	0	99	116	104	192	0	0	0	0	1	0	0	0	0	0	0	0	1	0	0	1	0.0	0.0	0.0	0.0	0	0
11452	640	400	999	999	0	0	99	116	104	192	0	0	0	0	1	0	0	0	0	0	0	0	1	0	0	1	0.0	0.0	0.0	0.0	0	0
11485	640	400	999	999	0	0	99	116	104	192	0	0	0	0	1	0	0	0	0	0	0	0	1	0	0	1	0.0	0.0	0.0	0.0	0	0
11519	640	400	999	999	0	0	99	116	104	192	0	0	0	0	1	0	0	0	0	0	0	0	1	0	0	1	0.0	0.0	0.0	0.0	0	0
11550	640	400	999	999	0	0	99	116	104	192	0	0	0	0	1	0	0	0	0	0	0	0	1	0	0	1	0.0	0.0	0.0	0.0	0	0
11585	640	400	999	999	0	0	99	116	104	192	0	0	0	0	0	0	0	0	0	0	0	0	1	0	0	1	0.0	0.0	0.0	0.0	0	0
11619	640	400	999	999	0	0	99	116	104	192	0	0	0	0	0	0	0	0	0	0	0	0	1	0	0	1	0.0	0.0	0.0	0.0	0	0
11652	640	400	999	999	0	0	99	116	104	192	0	0	0	0	0	0	0	0	0	0	0	0	1	0	0	1	0.0	0.0	0.0	0.0	0	0
11685	640	400	999	999	0	0	99	116	104	192	0	0	0	0	0	0	0	0	0	0	0	0	1	0	0	1	0.0	0.0	0.0	0.0	0	0
11717	640	400	999	999	0	0	99	116	104	192	0	0	0	0	0	0	0	0	0	0	0	0	1	0	0	1	0.0	0.0	0.0	0.0	0	0
11750	640	400	999	999	0	0	99	116	104	192	0	0	0	0	0	0	0	0	0	0	0	0	1	0	0	1	0.0	0.0	0.0	0.0	0	0
11784	640	400	999	999	0	0	99	116	104	192	0	0	0	0	0	0	0	0	0	0	0	0	1	0	0	1	0.0	0.0	0.0	0.0	0	0
11819	640	400	999	999	0	0	99	116	104	192	0	0	0	0	0	0	0	0	0	0	0	0	1	0	0	1	0.0	0.0	0.0	0.0	0	0
11850	640	400	999	999	0	0	99	116	104	192	0	0	0	0	0	0	0	0	0	0	0	0	1	0	0	1	0.0	0.0	0.0	0.0	0	0
11882	640	400	999	999	0	0	99	116	104	192	0	0	0	0	0	0	0	0	0	0	0	0	1	0	0	1	0.0	0.0	0.0	0.0	0	0
11919	640	400	999	999	0	0	99	116	104	192	0	0	0	0	0	0	0	0	0	0	0	0	1	0	0	1	0.0	0.0	0.0	0.0	0	0
11954	640	400	999	999	0	0	99	116	104	192	0	0	0	0	0	0	0	0	0	0	0	0	1	0	0	1	0.0	0.0	0.0	0.0	0	0
11985	640	400	999	999	0	0	99	116	104	192	0	0	0	0	0	0	0	0	0	0	0	0	1	0	0	1	0.0	0.0	0.0	0.0	0	0
12018	640	400	999	999	0	0	99	116	104	192	0	0	0	0	0	0	0	0	0	0	0	0	1	0	0	1	0.0	0.0	0.0	0.0	0	0
12054	640	400	999	999	0	0	99	116	104	192	0	0	0	0	0	0	0	0	0	0	0	0	1	0	0	1	0.0	0.0	0.0	0.0	0	0
12083	640	400	999	999	0	0	99	116	104	192	0	0	0	0	0	0	0	0	0	0	0	0	1	0	0	1	0.0	0.0	0.0	0.0	0	0
12118	640	400	999	999	0	0	99	116	104	192	0	0	0	0	0	0	0	0	0	0	0	0	1	0	0	1	0.0	0.0	0.0	0.0	0	0
12150	640	400	999	999	0	0	99	116	104	192	0	0	0	0	0	0	0	0	0	0	0	0	1	0	0	1	0.0	0.0	0.0	0.0	0	0
12183	640	400	999	999	0	0	99	116	104	192	0	0	0	0	0	0	0	0	0	0	0	0	1	0	0	1	0.0	0.0	0.0	0.0	0	0
12218	640	400	999	999	0	0	99	116	104	192	0	0	0	0	0	0	0	0	0	0	0	0	1	0	0	1	0.0	0.0	0.0	0.0	0	0
12254	640	400	999	999	0	0	99	116	104	192	0	0	0	0	0	0	0	0	0	0	0	0	1	0	0	1	0.0	0.0	0.0	0.0	0	0
12287	640	400	999	999	0	0	99	116	104	192	0	0	0	0	0	0	0	0	0	0	0	0	1	0	0	1	0.0	0.0	0.0	0.0	0	0
12316	640	400	999	999	0	0	99	116	104	192	0	0	0	0	0	0	0	0	0	0	0	0	1	0	0	1	0.0	0.0	0.0	0.0	0	0
12354	640	400	999	999	0	0	99	116	104	192	0	0	0	0	0	0	0	0	0	0	0	0	1	0	0	1	0.0	0.0	0.0	0.0	0	0
12385	640	400	999	999	0	0	99	116	104	192	0	0	0	0	0	0	0	0	0	0	0	0	1	0	0	1	0.0	0.0	0.0	0.0	0	0
12419	640	400	999	999	0	0	99	116	104	192	0	0	0	0	1	0	0	0	0	0	0	0	1	0	0	1	0.0	0.0	0.0	0.0	0	0
12454	640	400	999	999	0	0	99	116	104	192	0	0	0	0	1	0	0	0	0	0	0	0	1	0	0	1	0.0	0.0	0.0	0.0	0	0
12486	640	400	999	999	0	0	99	116	104	192	0	0	0	0	1	0	0	0	0	0	0	0	1	0	0	1	0.0	0.0	0.0	0.0	0	0
12517	640	400	999	999	0	0	99	116	104	192	0	0	0	0	1	0	0	0	0	0	0	0	1	0	0	1	0.0	0.0	0.0	0.0	0	0
12549	640	400	999	999	0	0	99	116	104	192	0	0	0	0	1	0	0	0	0	0	0	0	1	0	0	1	0.0	0.0	0.0	0.0	0	0
12582	640	400	999	999	0	0	99	116	104	192	0	0	0	0	1	0	0	0	0	0	0	0	1	0	0	1	0.0	0.0	0.0	0.0	0	0
12618	640	400	999	999	0	0	99	116	104	192	0	0	0	0	0	0	0	0	0	0	0	0	1	0	0	1	0.0	0.0	0.0	0.0	0	0
12650	640	400	999	999	0	0	99	116	104	192	0	0	0	0	0	0	0	0	0	0	0	0	1	0	0	1	0.0	0.0	0.0	0.0	0	0
12688	640	400	999	999	0	0	99	116	104	192	0	0	0	0	0	0	0	0	0	0	0	0	1	0	0	1	0.0	0.0	0.0	0.0	0	0
12721	640	400	999	999	0	0	99	116	104	192	0	0	0	0	0	0	0	0	0	0	0	0	1	0	0	1	0.0	0.0	0.0	0.0	0	0
12750	640	400	999	999	0	0	99	116	104	192	0	0	0	0	0	0	0	0	0	0	0	0	1	0	0	1	0.0	0.0	0.0	0.0	0	0
12783	640	400	999	999	0	0	99	116	104	192	0	0	0	0	0	0	0	0	0	0	0	0	1	0	0	1	0.0	0.0	0.0	0.0	0	0
12817	640	400	999	999	0	0	99	116	104	192	0	0	0	0	0	0	0	0	0	0	0	0	1	0	0	1	0.0	0.0	0.0	0.0	0	0
12850	640	400	999	999	0	0	99	116	104	192	0	0	0	0	0	0	0	0	0	0	0	0	1	0	0	0	0.0	0.0	0.0	0.0	0	0
12888	640	400	999	999	0	0	99	116	104	192	0	0	0	0	0	0	0	0	0	0	0	0	0	0	0	0	0.0	0.0	0.0	0.0	0	0
12917	640	400	999	999	0	0	99	116	104	192	0	0	0	0	0	0	0	0	0	0	0	0	0	0	0	0	0.0	0.0	0.0	0.0	0	0
12949	640	400	999	999	0	0	99	116	104	192	0	0	0	0	0	0	0	0	0	0	0	0	0	0	0	0	0.0	0.0	0.0	0.0	0	0
12983	640	400	999	999	0	0	99	116	104	192	0	0	0	0	0	0	0	0	0	0	0	0	0	0	0	0	0.0	0.0	0.0	0.0	0	0
13016	640	400	999	999	0	0	99	116	104	192	0	0	0	0	0	0	0	0	0	0	0	0	0	0	0	0	0.0	0.0	0.0	0.0	0	0
13053	640	400	999	999	0	0	99	116	104	192	0	0	0	0	0	0	0	0	0	0	0	0	0	0	0	0	0.0	0.0	0.0	0.0	0	0
13082	640	400	999	999	0	0	99	116	104	192	0	0	0	0	0	0	0	0	0	0	0	0	0	0	0	0	0.0	0.0	0.0	0.0	0	0
13116	640	400	999	999	0	0	99	116	104	192	0	0	0	0	0	0	0	0	0	0	0	0	0	0	0	0	0.0	0.0	0.0	0.0	0	0
13152	640	400	999	999	0	0	99	116	104	192	0	0	0	0	0	0	0	0	0	0	0	0	0	0	0	0	0.0	0.0	0.0	0.0	0	0
13187	640	400	999	999	0	0	99	116	104	192	0	0	0	0	0	0	0	0	0	0	0	0	0	0	0	0	0.0	0.0	0.0	0.0	0	0
13220	640	400	999	999	0	0	99	116	104	192	0	0	0	0	0	0	0	0	0	0	0	0	0	0	0	0	0.0	0.0	0.0	0.0	0	0
13254	640	400	999	999	0	0	99	116	104	192	0	0	0	0	0	0	0	0	0	0	0	0	0	0	0	0	0.0	0.0	0.0	0.0	0	0
13287	640	400	999	999	0	0	99	116	104	192	0	0	0	0	0	0	0	0	0	0	0	0	0	0	0	0	0.0	0.0	0.0	0.0	0	0
13320	640	400	999	999	0	0	99	116	104	192	0	0	0	0	0	0	0	0	0	0	0	0	0	0	0	0	0.0	0.0	0.0	0.0	0	0
13353	640	400	999	999	0	0	99	116	104	192	0	0	0	0	0	0	0	0	0	0	0	0	0	0	0	0	0.0	0.0	0.0	0.0	0	0
13387	640	400	999	999	0	0	99	116	104	192	0	0	0	0	0	0	0	0	0	0	0	0	0	0	0	0	0.0	0.0	0.0	0.0	0	0
13420	640	400	999	999	0	0	99	116	104	192	0	0	0	0	0	0	0	0	0	0	0	0	0	0	0	0	0.0	0.0	0.0	0.0	0	0
13453	640	400	999	999	0	0	99	116	104	192	0	0	0	0	0	0	0	0	0	0	0	0	0	0	0	0	0.0	0.0	0.0	0.0	0	0
13486	640	400	999	999	0	0	99	116	104	192	0	0	0	0	0	0	0	0	0	0	0	0	0	0	0	0	0.0	0.0	0.0	0.0	0	0
13520	640	400	999	999	0	0	99	116	104	192	0	0	0	0	0	0	0	0	0	0	0	0	0	0	0	0	0.0	0.0	0.0	0.0	0	0
13553	640	400	999	999	0	0	99	116	104	192	0	0	0	0	0	0	0	0	0	0	0	0	0	0	0	0	0.0	0.0	0.0	0.0	0	0
13586	640	400	999	999	0	0	99	116	104	192	0	0	0	0	0	0	0	0	0	0	0	0	0	0	0	0	0.0	0.0	0.0	0.0	0	0
13619	640	400	999	999	0	0	99	116	104	192	0	0	0	0	0	0	0	0	0	0	0	0	0	0	0	0	0.0	0.0	0.0	0.0	0	0
13652	640	400	999	999	0	0	99	116	104	192	0	0	0	0	0	0	0	0	0	0	0	0	0	0	0	0	0.0	0.0	0.0	0.0	0	0
13685	640	400	999	999	0	0	99	116	104	192	0	0	0	0	0	0	0	0	0	0	0	0	0	0	0	0	0.0	0.0	0.0	0.0	0	0
13719	640	400	999	999	0	0	99	116	104	192	0	0	0	0	0	0	0	0	0	0	0	0	0	0	0	0	0.0	0.0	0.0	0.0	0	0
13752	640	400	999	999	0	0	99	116	104	192	0	0	0	0	0	0	0	0	0	0	0	0	0	0	0	0	0.0	0.0	0.0	0.0	0	0
13787	640	400	999	999	0	0	99	116	104	192	0	0	0	0	0	0	0	0	0	0	0	0	0	0	0	0	0.0	0.0	0.0	0.0	0	0
13820	640	400	999	999	0	0	99	116	104	192	0	0	0	0	0	0	0	0	0	0	0	0	0	0	0	0	0.0	0.0	0.0	0.0	0	0
13855	640	400	999	999	0	0	99	116	104	192	0	0	0	0	0	0	0	0	0	0	0	0	0	0	0	0	0.0	0.0	0.0	0.0	0	0
13886	640	400	999	999	0	0	99	116	104	192	0	0	0	0	0	0	0	0	0	0	0	0	0	0	0	0	0.0	0.0	0.0	0.0	0	0
13920	640	400	999	999	0	0	99	116	104	192	0	0	0	0	0	0	0	0	0	0	0	0	0	0	0	0	0.0	0.0	0.0	0.0	0	0
13952	640	400	999	999	0	0	99	116	104	192	0	0	0	0	0	0	0	0	0	0	0	0	0	0	0	0	0.0	0.0	0.0	0.0	0	0
13987	640	400	999	999	0	0	99	116	104	192	0	0	0	0	0	0	0	0	0	0	0	0	0	0	0	0	0.0	0.0	0.0	0.0	0	0
14021	640	400	999	999	0	0	99	116	104	192	0	0	0	0	0	0	0	0	0	0	0	0	0	0	0	0	0.0	0.0	0.0	0.0	0	0
14052	640	400	999	999	0	0	99	116	104	192	0	0	0	0	0	0	0	0	0	0	0	0	0	0	0	0	0.0	0.0	0.34901965	-0.2235294	0	28
14086	640	400	999	999	0	0	99	116	104	192	0	0	0	0	0	0	0	0	0	0	0	0	0	0	0	0	0.0	0.0	0.5294118	-0.44313723	0	48
14121	640	400	999	999	0	0	99	116	104	192	0	0	0	0	0	0	0	0	0	0	0	0	0	0	0	0	0.0	0.0	0.8980392	-0.9764706	0	93
14156	640	400	999	999	0	0	99	116	104	192	0	0	0	0	0	0	0	0	0	0	0	0	0	0	0	0	0.0	0.0	1.0	-1.0	0	100
14191	640	400	999	999	0	0	99	116	104	192	0	0	0	0	0	0	0	0	0	0	0	0	0	0	0	0	0.0	0.0	1.0	-1.0	0	100
14224	640	400	999	999	0	0	99	116	104	192	0	0	0	0	0	0	0	0	0	0	0	0	0	0	0	0	0.0	0.0	1.0	-1.0	0	100
14257	640	400	999	999	0	0	99	116	104	192	0	0	0	0	0	0	0	0	0	0	0	0	0	0	0	0	0.0	0.0	1.0	-1.0	0	100
14290	640	400	999	999	0	0	99	116	104	192	0	0	0	0	0	0	0	0	0	0	0	0	0	0	0	0	0.0	0.0	1.0	-1.0	0	100
14322	640	400	999	999	0	0	99	116	104	192	0	0	0	0	0	0	0	0	0	0	0	0	0	0	0	0	0.0	0.0	1.0	-1.0	0	100
14357	640	400	999	999	0	0	99	116	104	192	0	0	0	0	0	0	0	0	0	0	0	0	0	0	0	0	0.0	0.0	1.0	-1.0	0	100
14392	640	400	999	999	0	0	99	116	104	192	0	0	0	0	0	0	0	0	0	0	0	0	0	0	0	0	0.0	0.0	1.0	-1.0	0	100
14423	640	400	999	999	0	0	99	116	104	192	0	0	0	0	0	0	0	0	0	0	0	0	0	0	0	0	0.0	0.0	1.0	-1.0	0	100
14458	640	400	999	999	0	0	99	116	104	192	0	0	0	0	0	0	0	0	0	0	0	0	0	0	0	0	0.0	0.0	1.0	-1.0	0	100
14487	640	400	999	999	0	0	99	116	104	192	0	0	0	0	0	0	0	0	0	0	0	0	0	0	0	0	0.0	0.0	1.0	-1.0	0	100
14524	640	400	999	999	0	0	99	116	104	192	0	0	0	0	0	0	0	0	0	0	0	0	0	0	0	0	0.0	0.0	1.0	-1.0	0	100
14556	640	400	999	999	0	0	99	116	104	192	0	0	0	0	0	0	0	0	0	0	0	0	0	0	0	0	0.0	0.0	1.0	-1.0	0	100
14590	640	400	999	999	0	0	99	116	104	192	0	0	0	0	0	0	0	0	0	0	0	0	0	0	0	0	0.0	0.0	1.0	-1.0	0	100
14622	640	400	999	999	0	0	99	116	104	192	0	0	0	0	0	0	0	0	0	0	0	0	0	0	0	0	0.0	0.0	1.0	-1.0	0	100
14656	640	400	999	999	0	0	99	116	104	192	0	0	0	0	0	0	0	0	0	0	0	0	0	0	0	0	0.0	0.0	1.0	-1.0	0	100
14687	640	400	999	999	0	0	99	116	104	192	0	0	0	0	0	0	0	0	0	0	0	0	0	0	0	0	0.0	0.0	1.0	-1.0	0	100
14722	640	400	999	999	0	0	99	116	104	192	0	0	0	0	0	0	0	0	0	0	0	0	0	0	0	0	0.0	0.0	1.0	-1.0	0	100
14755	640	400	999	999	0	0	99	116	104	192	0	0	0	0	0	0	0	0	0	0	0	0	0	0	0	0	0.0	0.0	1.0	-1.0	0	100
14789	640	400	999	999	0	0	99	116	104	192	0	0	0	0	0	0	0	0	0	0	0	0	0	0	0	0	0.0	0.0	1.0	-1.0	0	100
14821	640	400	999	999	0	0	99	116	104	192	0	0	0	0	0	0	0	0	0	0	0	0	0	0	0	0	0.0	0.0	1.0	-1.0	0	100
14854	640	400	999	999	0	0	99	116	104	192	0	0	0	0	0	0	0	0	0	0	0	0	0	0	0	0	0.0	0.0	1.0	-1.0	0	100
14887	640	400	999	999	0	0	99	116	104	192	0	0	0	0	0	0	0	0	0	0	0	0	0	0	0	0	0.0	0.0	1.0	-1.0	0	100
14920	640	400	999	999	0	0	99	116	104	192	0	0	0	0	0	0	0	0	0	0	0	0	0	0	0	0	0.0	0.0	1.0	-1.0	0	100
14953	640	400	999	999	0	0	99	116	104	192	0	0	0	0	0	0	0	0	0	0	0	0	0	0	0	0	0.0	0.0	1.0	-1.0	0	100
14986	640	400	999	999	0	0	99	116	104	192	0	0	0	0	0	0	0	0	0	0	0	0	0	0	0	0	0.0	0.0	1.0	-1.0	0	100
15022	640	400	999	999	0	0	99	116	104	192	0	0	0	0	0	0	0	0	0	0	0	0	0	0	0	0	0.0	0.0	1.0	-1.0	0	100
15054	640	400	999	999	0	0	99	116	104	192	0	0	0	0	0	0	0	0	0	0	0	0	0	0	0	0	0.0	0.0	1.0	-1.0	0	100
15088	640	400	999	999	0	0	99	116	104	192	0	0	0	0	0	0	0	0	0	0	0	0	0	0	0	0	0.0	0.0	1.0	-1.0	0	100
15122	640	400	999	999	0	0	99	116	104	192	0	0	0	0	0	0	0	0	0	0	0	0	0	0	0	0	0.0	0.0	1.0	-1.0	0	100
15153	640	400	999	999	0	0	99	116	104	192	0	0	0	0	0	0	0	0	0	0	0	0	0	0	0	0	0.0	0.0	1.0	-1.0	0	100
15188	640	400	999	999	0	0	99	116	104	192	0	0	0	0	0	0	0	0	0	0	0	0	0	0	0	0	0.0	0.0	1.0	-1.0	0	100
15218	640	400	999	999	0	0	99	116	104	192	0	0	0	0	0	0	0	0	0	0	0	0	0	0	0	0	0.0	0.0	-0.19215685	0.38823533	0	-30
15250	640	400	999	999	0	0	99	116	104	192	0	0	0	0	0	0	0	0	0	0	0	0	0	0	0	0	0.0	0.0	0.0	0.0	0	0
15283	640	400	999	999	0	0	99	116	104	192	0	0	0	0	0	0	0	0	0	0	0	0	0	0	0	0	0.0	0.0	0.0	0.0	0	0
15319	640	400	999	999	0	0	99	116	104	192	0	0	0	0	0	0	0	0	0	0	0	0	0	0	0	0	0.0	0.0	0.0	0.0	0	0
15351	640	400	999	999	0	0	99	116	104	192	0	0	0	0	0	0	0	0	0	0	0	0	0	0	0	0	0.0	0.0	0.0	0.0	0	0
15384	640	400	999	999	0	0	99	116	104	192	0	0	0	0	0	0	0	0	0	0	0	0	0	0	0	0	0.0	0.0	0.0	0.0	0	0
15420	640	400	999	999	0	0	99	116	104	192	0	0	0	0	0	0	0	0	0	0	0	0	0	0	0	0	0.0	0.0	0.0	0.0	0	0
15450	640	400	999	999	0	0	99	116	104	192	0	0	0	0	0	0	0	0	0	0	0	0	0	0	0	0	0.0	0.0	0.0	0.0	0	0
15485	640	400	999	999	0	0	99	116	104	192	0	0	0	0	0	0	0	0	0	0	0	0	0	0	0	0	0.0	0.0	0.0	0.0	0	0
15518	640	400	999	999	0	0	99	116	104	192	0	0	0	0	0	0	0	0	0	0	0	0	0	0	0	0	0.0	0.0	0.0	0.0	0	0
15551	640	400	999	999	0	0	99	116	104	192	0	0	0	0	0	0	0	0	0	0	0	0	0	0	0	0	0.0	0.0	0.0	0.0	0	0
15584	640	400	999	999	0	0	99	116	104	192	0	0	0	0	0	0	0	0	0	0	0	0	0	0	0	0	0.0	0.0	0.0	0.0	0	0
15618	640	400	999	999	0	0	99	116	104	192	0	0	0	0	0	0	0	0	0	0	0	0	0	0	0	0	0.0	0.0	0.0	0.0	0	0
15654	640	400	999	999	0	0	99	116	104	192	0	0	0	0	0	0	0	0	0	0	0	0	0	0	0	0	0.0	0.0	0.0	0.0	0	0
15687	640	400	999	999	0	0	99	116	104	192	0	0	0	0	0	0	0	0	0	0	0	0	0	0	0	0	0.0	0.0	0.0	0.0	0	0
15721	640	400	999	999	0	0	99	116	104	192	0	0	0	0	0	0	0	0	0	0	0	0	0	0	0	0	0.0	0.0	0.0	0.0	0	0
15750	640	400	999	999	0	0	99	116	104	192	0	0	0	0	0	0	0	0	0	0	0	0	0	0	0	0	0.0	0.0	0.0	0.0	0	0
15783	640	400	999	999	0	0	99	116	104	192	0	0	0	0	0	0	0	0	0	0	0	0	0	0	0	0	0.0	0.0	0.0	0.0	0	0
15818	640	400	999	999	0	0	99	116	104	192	0	0	0	0	0	0	0	0	0	0	0	0	0	0	0	0	0.0	0.0	0.0	0.0	0	0
15851	640	400	999	999	0	0	99	116	104	192	0	0	0	0	0	0	0	0	0	0	0	0	0	0	0	0	0.0	0.0	0.0	0.0	0	0
15887	640	400	999	999	0	0	99	116	104	192	0	0	0	0	0	0	0	0	0	0	0	0	0	0	0	0	0.0	0.0	0.0	0.0	0	0
15919	640	400	999	999	0	0	99	116	104	192	0	0	0	0	0	0	0	0	0	0	0	0	0	0	0	0	0.0	0.0	0.0	0.0	0	0
15953	640	400	999	999	0	0	99	116	104	192	0	0	0	0	0	0	0	0	0	0	0	0	0	0	0	0	0.0	0.0	0.0	0.0	0	0
15987	640	400	999	999	0	0	99	116	104	192	0	0	0	0	0	0	0	0	0	0	0	0	0	0	0	0	0.0	0.0	0.0	0.0	0	0
16016	640	400	999	999	0	0	99	116	104	192	0	0	0	0	0	0	0	0	0	0	0	0	0	0	0	0	0.0	0.0	0.0	0.0	0	0
16054	640	400	999	999	0	0	99	116	104	192	0	0	0	0	0	0	0	0	0	0	0	0	0	0	0	0	0.0	0.0	0.0	0.0	0	0
16083	640	400	999	999	0	0	99	116	104	192	0	0	0	0	0	0	0	0	0	0	0	0	0	0	0	0	0.0	0.0	0.0	0.0	0	0
16116	640	400	999	999	0	0	99	116	104	192	0	0	0	0	0	0	0	0	0	0	0	0	0	0	0	0	0.0	0.0	0.0	0.0	0	0
16153	640	400	999	999	0	0	99	116	104	192	0	0	0	0	0	0	0	0	0	0	0	0	0	0	0	0	0.0	0.0	0.0	0.0	0	0
16186	640	400	999	999	0	0	99	116	104	192	0	0	0	0	0	0	0	0	0	0	0	0	0	0	0	0	0.0	0.0	0.0	0.0	0	0
16218	640	400	999	999	0	0	99	116	104	192	0	0	0	0	0	0	0	0	0	0	0	0	0	0	0	0	0.0	0.0	0.0	0.0	0	0
16253	640	400	999	999	0	0	99	116	104	192	0	0	0	0	0	0	0	0	0	0	0	0	0	0	0	0	0.0	0.0	0.0	0.0	0	0
16287	640	400	999	999	0	0	99	116	104	192	0	0	0	0	0	0	0	0	0	0	0	0	0	0	0	0	0.0	0.0	0.0	0.0	0	0
16319	640	400	999	999	0	0	99	116	104	192	0	0	0	0	0	0	0	0	0	0	0	0	0	0	0	0	0.0	0.0	0.0	0.0	0	0
16352	640	400	999	999	0	0	99	116	104	192	0	0	0	0	0	0	0	0	0	0	0	0	0	0	0	0	0.0	0.0	0.0	0.0	0	0
16387	640	400	999	999	0	0	99	116	104	192	0	0	0	0	0	0	0	0	0	0	0	0	0	0	0	0	0.0	0.0	0.0	0.0	0	0
16419	640	400	999	999	0	0	99	116	104	192	0	0	0	0	0	0	0	0	0	0	0	0	0	0	0	0	0.0	0.0	0.0	0.0	0	0
16453	640	400	999	999	0	0	99	116	104	192	0	0	0	0	0	0	0	0	0	0	0	0	0	0	0	0	0.0	0.0	0.0	0.0	0	0
16486	640	400	999	999	0	0	99	116	104	192	0	0	0	0	0	0	0	0	0	0	0	0	0	0	0	0	0.0	0.0	0.0	0.0	0	0
16516	640	400	999	999	0	0	99	116	104	192	0	0	0	0	0	0	0	0	0	0	0	0	0	0	0	0	0.0	0.0	0.0	0.0	0	0
16553	640	400	999	999	0	0	99	116	104	192	0	0	0	0	0	0	0	0	0	0	0	0	0	0	0	0	0.0	0.0	0.0	0.0	0	0
16586	640	400	999	999	0	0	99	116	104	192	0	0	0	0	0	0	0	0	0	0	0	0	0	0	0	0	0.0	0.0	0.0	0.0	0	0
16618	640	400	999	999	0	0	99	116	104	192	0	0	0	0	0	0	0	0	0	0	0	0	0	0	0	0	0.0	0.0	0.0	0.0	0	0
16653	640	400	999	999	0	0	99	116	104	192	0	0	0	0	0	0	0	0	0	0	0	0	0	0	0	0	0.0	0.0	0.0	0.0	0	0
16682	640	400	999	999	0	0	99	116	104	192	0	0	0	0	0	0	0	0	0	0	0	0	0	0	0	0	0.0	0.0	0.0	0.0	0	0
16720	640	400	999	999	0	0	99	116	104	192	0	0	0	0	0	0	0	0	0	0	0	0	0	0	0	0	0.0	0.0	0.0	0.0	0	0
16753	640	400	999	999	0	0	99	116	104	192	0	0	0	0	0	0	0	0	0	0	0	0	0	0	0	0	0.0	0.0	0.0	0.0	0	0
16786	640	400	999	999	0	0	99	116	104	192	0	0	0	0	0	0	0	0	0	0	0	0	0	0	0	0	0.0	0.0	0.0	0.0	0	0
16818	640	400	999	999	0	0	99	116	104	192	0	0	0	0	0	0	0	0	0	0	0	0	0	0	0	0	0.0	0.0	0.0	0.0	0	0
16850	640	400	999	999	0	0	99	116	104	192	0	0	0	0	0	0	0	0	0	0	0	0	0	0	0	0	0.0	0.0	0.0	0.0	0	0
16886	640	400	999	999	0	0	99	116	104	192	0	0	0	0	0	0	0	0	0	0	0	0	0	0	0	0	0.0	0.0	0.0	0.0	0	0
16919	640	400	999	999	0	0	99	116	104	192	0	0	0	0	0	0	0	0	0	0	0	0	0	0	0	0	0.0	0.0	0.0	0.0	0	0
16952	640	400	999	999	0	0	99	116	104	192	0	0	0	0	0	0	0	0	0	0	0	0	0	0	0	0	0.0	0.0	0.0	0.0	0	0
16986	640	400	999	999	0	0	99	116	104	192	0	0	0	0	0	0	0	0	0	0	0	0	0	0	0	0	0.0	0.0	0.0	0.0	0	0
17016	640	400	999	999	0	0	99	116	104	192	0	0	0	0	0	0	0	0	0	0	0	0	0	0	0	0	0.0	0.0	0.0	0.0	0	0
17054	640	400	999	999	0	0	99	116	104	192	0	0	0	0	0	0	0	0	0	0	0	0	0	0	0	0	0.0	0.0	0.0	0.0	0	0
17085	640	400	999	999	0	0	99	116	104	192	0	0	0	0	0	0	0	0	0	0	0	0	0	0	0	0	0.0	0.0	0.0	0.0	0	0
17119	640	400	999	999	0	0	99	116	104	192	0	0	0	0	0	0	0	0	0	0	0	0	0	0	0	0	0.0	0.0	0.0	0.0	0	0
17149	640	400	999	999	0	0	99	116	104	192	0	0	0	0	0	0	0	0	0	0	0	0	0	0	0	0	0.0	0.0	0.0	0.0	0	0
17186	640	400	999	999	0	0	99	116	104	192	0	0	0	0	0	0	0	0	0	0	0	0	0	0	0	0	0.0	0.0	0.0	0.0	0	0
17218	640	400	999	999	0	0	99	116	104	192	0	0	0	0	0	0	0	0	0	0	0	0	0	0	0	0	0.0	0.0	0.0	0.0	0	0
17250	640	400	999	999	0	0	99	116	104	192	0	0	0	0	0	0	0	0	0	0	0	0	0	0	0	0	0.0	0.0	0.0	0.0	0	0
17285	640	400	999	999	0	0	99	116	104	192	0	0	0	0	0	0	0	0	0	0	0	0	0	0	0	0	0.0	0.0	0.0	0.0	0	0
17318	640	400	999	999	0	0	99	116	104	192	0	0	0	0	0	0	0	0	0	0	0	0	0	0	0	0	0.0	0.0	0.0	0.0	0	0
17352	640	400	999	999	0	0	99	116	104	192	0	0	0	0	0	0	0	0	0	0	0	0	0	0	0	0	0.0	0.0	0.0	0.0	0	0
17385	640	400	999	999	0	0	99	116	104	192	0	0	0	0	0	0	0	0	0	0	0	0	0	0	0	0	0.0	0.0	0.0	0.0	0	0
17418	640	400	999	999	0	0	99	116	104	192	0	0	0	0	0	0	0	0	0	0	0	0	0	0	0	0	0.0	0.0	0.0	0.0	0	0
17450	640	400	999	999	0	0	99	116	104	192	0	0	0	0	0	0	0	0	0	0	0	0	0	0	0	0	0.0	0.0	0.0	0.0	0	0
17483	640	400	999	999	0	0	99	116	104	192	0	0	0	0	0	0	0	0	0	0	0	0	0	0	0	0	0.0	0.0	0.0	0.0	0	0
17518	640	400	999	999	0	0	99	116	104	192	0	0	0	0	0	0	0	0	0	0	0	0	0	0	0	0	0.0	0.0	0.0	0.0	0	0
17551	640	400	999	999	0	0	99	116	104	192	0	0	0	0	0	0	0	0	0	0	0	0	0	0	0	0	0.0	0.0	0.0	0.0	0	0
17584	640	400	999	999	0	0	99	116	104	192	0	0	0	0	0	0	0	0	0	0	0	0	0	0	0	0	0.0	0.0	0.0	0.0	0	0
17616	640	400	999	999	0	0	99	116	104	192	0	0	0	0	0	0	0	0	0	0	0	0	0	0	0	0	0.0	0.0	0.0	0.0	0	0
17650	640	400	999	999	0	0	99	116	104	192	0	0	0	0	0	0	0	0	0	0	0	0	0	0	0	0	0.0	0.0	0.0	0.0	0	0
17687	640	400	999	999	0	0	99	116	104	192	0	0	0	0	0	0	0	0	0	0	0	0	0	0	0	0	0.0	0.0	0.0	0.0	0	0
17716	640	400	999	999	0	0	99	116	104	192	0	0	0	0	0	0	0	0	0	0	0	0	0	0	0	0	0.0	0.0	0.0	0.0	0	0
17750	640	400	999	999	0	0	99	116	104	192	0	0	0	0	0	0	0	0	0	0	0	0	0	0	0	0	0.0	0.0	0.0	0.0	0	0
17784	640	400	999	999	0	0	99	116	104	192	0	0	0	0	0	0	0	0	0	0	0	0	0	0	0	0	0.0	0.0	0.0	0.0	0	0
17817	640	400	999	999	0	0	99	116	104	192	0	0	0	0	0	0	0	0	0	0	0	0	0	0	0	0	0.0	0.0	0.0	0.0	0	0
17853	640	400	999	999	0	0	99	116	104	192	0	0	0	0	0	0	0	0	0	0	0	0	0	0	0	0	0.0	0.0	0.0	0.0	0	0
17882	640	400	999	999	0	0	99	116	104	192	0	0	0	0	0	0	0	0	0	0	0	0	0	0	0	0	0.0	0.0	0.0	0.0	0	0
17920	640	400	999	999	0	0	99	116	104	192	0	0	0	0	0	0	0	0	0	0	0	0	0	0	0	0	0.0	0.0	0.0	0.0	0	0
17954	640	400	999	999	0	0	99	116	104	192	0	0	0	0	0	0	0	0	0	0	0	0	0	0	0	0	0.0	0.0	0.0	0.0	0	0
17986	640	400	999	999	0	0	99	116	104	192	0	0	0	0	0	0	0	0	0	0	0	0	0	0	0	0	0.0	0.0	0.0	0.0	0	0
18016	640	400	999	999	0	0	99	116	104	192	0	0	0	0	0	0	0	0	0	0	0	0	0	0	0	0	0.0	0.0	0.0	0.0	0	0
18051	640	400	999	999	0	0	99	116	104	192	0	0	0	0	0	0	0	0	0	0	0	0	0	0	0	0	0.0	0.0	0.0	0.0	0	0
18082	640	400	999	999	0	0	99	116	104	192	0	0	0	0	0	0	0	0	0	0	0	0	0	0	0	0	0.0	0.0	0.0	0.0	0	0
18116	640	400	999	999	0	0	99	116	104	192	0	0	0	0	0	0	0	0	0	0	0	0	0	0	0	0	0.0	0.0	0.0	0.0	0	0
18149	640	400	999	999	0	0	99	116	104	192	0	0	0	0	0	0	0	0	0	0	0	0	0	0	0	0	0.0	0.0	0.0	0.0	0	0
18183	640	400	999	999	0	0	99	116	104	192	0	0	0	0	0	0	0	0	0	0	0	0	0	0	0	0	0.0	0.0	0.0	0.0	0	0
18216	640	400	999	999	0	0	99	116	104	192	0	0	0	0	0	0	0	0	0	0	0	0	0	0	0	0	0.0	0.0	0.0	0.0	0	0
18249	640	400	999	999	0	0	99	116	104	192	0	0	0	0	0	0	0	0	0	0	0	0	0	0	0	0	0.0	0.0	0.0	0.0	0	0
18287	640	400	999	999	0	0	99	116	104	192	0	0	0	0	0	0	0	0	0	0	0	0	0	0	0	0	0.0	0.0	0.0	0.0	0	0
18316	640	400	999	999	0	0	99	116	104	192	0	0	0	0	0	0	0	0	0	0	0	0	0	0	0	0	0.0	0.0	0.0	0.0	0	0
18353	640	400	999	999	0	0	99	116	104	192	0	0	0	0	0	0	0	0	0	0	0	0	0	0	0	0	0.0	0.0	0.0	0.0	0	0
18386	640	400	999	999	0	0	99	116	104	192	0	0	0	0	0	0	0	0	0	0	0	0	0	0	0	0	0.0	0.0	0.0	0.0	0	0
18416	640	400	999	999	0	0	99	116	104	192	0	0	0	0	0	0	0	0	0	0	0	0	0	0	0	0	0.0	0.0	0.0	0.0	0	0
18452	640	400	999	999	0	0	99	116	104	192	0	0	0	0	0	0	0	0	0	0	0	0	0	0	0	0	0.0	0.0	0.0	0.0	0	0
18487	640	400	999	999	0	0	99	116	104	192	0	0	0	0	0	0	0	0	0	0	0	0	0	0	0	0	0.0	0.0	0.0	0.0	0	0
18519	640	400	999	999	0	0	99	116	104	192	0	0	0	0	0	0	0	0	0	0	0	0	0	0	0	0	0.0	0.0	0.0	0.0	0	0
18552	640	400	999	999	0	0	99	116	104	192	0	0	0	0	0	0	0	0	0	0	0	0	0	0	0	0	0.0	0.0	0.0	0.0	0	0
18585	640	400	999	999	0	0	99	116	104	192	0	0	0	0	0	0	0	0	0	0	0	0	0	0	0	0	0.0	0.0	0.0	0.0	0	0
18617	640	400	999	999	0	0	99	116	104	192	0	0	0	0	0	0	0	0	0	0	0	0	0	0	0	0	0.0	0.0	0.0	0.0	0	0
18651	640	400	999	999	0	0	99	116	104	192	0	0	0	0	0	0	0	0	0	0	0	0	0	0	0	0	0.0	0.0	0.0	0.0	0	0
18685	640	400	999	999	0	0	99	116	104	192	0	0	0	0	0	0	0	0	0	0	0	0	0	0	0	0	0.0	0.0	0.0	0.0	0	0
18719	640	400	999	999	0	0	99	116	104	192	0	0	0	0	0	0	0	0	0	0	0	0	0	0	0	0	0.0	0.0	0.0	0.0	0	0
18754	640	400	999	999	0	0	99	116	104	192	0	0	0	0	0	0	0	0	0	0	0	0	0	0	0	0	0.0	0.0	0.0	0.0	0	0
18786	640	400	999	999	0	0	99	116	104	192	0	0	0	0	0	0	0	0	0	0	0	0	0	0	0	0	0.0	0.0	0.0	0.0	0	0
18818	640	400	999	999	0	0	99	116	104	192	0	0	0	0	0	0	0	0	0	0	0	0	0	0	0	0	0.0	0.0	0.0	0.0	0	0
18850	640	400	999	999	0	0	99	116	104	192	0	0	0	0	0	0	0	0	0	0	0	0	0	0	0	0	0.0	0.0	0.0	0.0	0	0
18884	640	400	999	999	0	0	99	116	104	192	0	0	0	0	0	0	0	0	0	0	0	0	0	0	0	0	0.0	0.0	0.0	0.0	0	0
18917	640	400	999	999	0	0	99	116	104	192	0	0	0	0	0	0	0	0	0	0	0	0	0	0	0	0	0.0	0.0	0.0	0.0	0	0
18952	640	400	999	999	0	0	99	116	104	192	0	0	0	0	0	0	0	0	0	0	0	0	0	0	0	0	0.0	0.0	0.0	0.0	0	0
18985	640	400	999	999	0	0	99	116	104	192	0	0	0	0	0	0	0	0	0	0	0	0	0	0	0	0	0.0	0.0	0.0	0.0	0	0
19021	640	400	999	999	0	0	99	116	104	192	0	0	0	0	0	0	0	0	0	0	0	0	0	0	0	0	0.0	0.0	0.0	0.0	0	0
19050	640	400	999	999	0	0	99	116	104	192	0	0	0	0	0	0	0	0	0	0	0	0	0	0	0	0	0.0	0.0	0.0	0.0	0	0
19087	640	400	999	999	0	0	99	116	104	192	0	0	0	0	0	0	0	0	0	0	0	0	0	0	0	0	0.0	0.0	0.0	0.0	0	0
19120	640	400	999	999	0	0	99	116	104	192	0	0	0	0	0	0	0	0	0	0	0	0	0	0	0	0	0.0	0.0	0.0	0.0	0	0
19150	640	400	999	999	0	0	99	116	104	192	0	0	0	0	0	0	0	0	0	0	0	0	0	0	0	0	0.0	0.0	0.0	0.0	0	0
19183	640	400	999	999	0	0	99	116	104	192	0	0	0	0	0	0	0	0	0	0	0	0	0	0	0	0	0.0	0.0	0.0	0.0	0	0
19218	640	400	999	999	0	0	99	116	104	192	0	0	0	0	0	0	0	0	0	0	0	0	0	0	0	0	0.0	0.0	0.0	0.0	0	0
19250	640	400	999	999	0	0	99	116	104	192	0	0	0	0	0	0	0	0	0	0	0	0	0	0	0	0	0.0	0.0	0.0	0.0	0	0
19283	640	400	999	999	0	0	99	116	104	192	0	0	0	0	0	0	0	0	0	0	0	0	0	0	0	0	0.0	0.0	0.0	0.0	0	0
19319	640	400	999	999	0	0	99	116	104	192	0	0	0	0	0	0	0	0	0	0	0	0	0	0	0	0	0.0	0.0	0.0	0.0	0	0
19354	640	400	999	999	0	0	99	116	104	192	0	0	0	0	0	0	0	0	0	0	0	0	0	0	0	0	0.0	0.0	0.0	0.0	0	0
19386	640	400	999	999	0	0	99	116	104	192	0	0	0	0	0	0	0	0	0	0	0	0	0	0	0	0	0.0	0.0	0.0	0.0	0	0
19420	640	400	999	999	0	0	99	116	104	192	0	0	0	0	0	0	0	0	0	0	0	0	0	0	0	0	0.0	0.0	0.0	0.0	0	0
19450	640	400	999	999	0	0	99	116	104	192	0	0	0	0	0	0	0	0	0	0	0	0	0	0	0	0	0.0	0.0	0.0	0.0	0	0
19483	640	400	999	999	0	0	99	116	104	192	0	0	0	0	0	0	0	0	0	0	0	0	0	0	0	0	0.0	0.0	0.0	0.0	0	0
19516	640	400	999	999	0	0	99	116	104	192	0	0	0	0	0	0	0	0	0	0	0	0	0	0	0	0	0.0	0.0	0.0	0.0	0	0
19550	640	400	999	999	0	0	99	116	104	192	0	0	0	0	0	0	0	0	0	0	0	0	0	0	0	0	0.0	0.0	0.0	0.0	0	0
19585	640	400	999	999	0	0	99	116	104	192	0	0	0	0	0	0	0	0	0	0	0	0	0	0	0	0	0.0	0.0	0.0	0.0	0	0
19621	640	400	999	999	0	0	99	116	104	192	0	0	0	0	0	0	0	0	0	0	0	0	0	0	0	0	0.0	0.0	0.0	0.0	0	0
19653	640	400	999	999	0	0	99	116	104	192	0	0	0	0	0	0	0	0	0	0	0	0	0	0	0	0	0.0	0.0	0.0	0.0	0	0
19683	640	400	999	999	0	0	99	116	104	192	0	0	0	0	0	0	0	0	0	0	0	0	0	0	0	0	0.0	0.0	0.0	0.0	0	0
19719	640	400	999	999	0	0	99	116	104	192	0	0	0	0	0	0	0	0	0	0	0	0	0	0	0	0	0.0	0.0	0.0	0.0	0	0
19754	640	400	999	999	0	0	99	116	104	192	0	0	0	0	0	0	0	0	0	0	0	0	0	0	0	0	0.0	0.0	0.0	0.0	0	0
19783	640	400	999	999	0	0	99	116	104	192	0	0	0	0	0	0	0	0	0	0	0	0	0	0	0	0	0.0	0.0	0.0	0.0	0	0
19816	640	400	999	999	0	0	99	116	104	192	0	0	0	0	0	0	0	0	0	0	0	0	0	0	0	0	0.0	0.0	0.0	0.0	0	0
19855	640	400	999	999	0	0	99	116	104	192	0	0	0	0	0	0	0	0	0	0	0	0	0	0	0	0	0.0	0.0	0.0	0.0	0	0
19882	640	400	999	999	0	0	99	116	104	192	0	0	0	0	0	0	0	0	0	0	0	0	0	0	0	0	0.0	0.0	0.0	0.0	0	0
19920	640	400	999	999	0	0	99	116	104	192	0	0	0	0	0	0	0	0	0	0	0	0	0	0	0	0	0.0	0.0	0.0	0.0	0	0
19954	640	400	999	999	0	0	99	116	104	192	0	0	0	0	0	0	0	0	0	0	0	0	0	0	0	0	0.0	0.0	0.0	0.0	0	0
19983	640	400	999	999	0	0	99	116	104	192	0	0	0	0	0	0	0	0	0	0	0	0	0	0	0	0	0.0	0.0	0.0	0.0	0	0
20016	640	400	999	999	0	0	99	116	104	192	0	0	0	0	0	0	0	0	0	0	0	0	0	0	0	0	0.0	0.0	0.0	0.0	0	0
20054	640	400	999	999	0	0	99	116	104	192	0	0	0	0	0	0	0	0	0	0	0	0	0	0	0	0	0.0	0.0	0.0	0.0	0	0
20087	640	400	999	999	0	0	99	116	104	192	0	0	0	0	0	0	0	0	0	0	0	0	0	0	0	0	0.0	0.0	0.0	0.0	0	0
20121	640	400	999	999	0	0	99	116	104	192	0	0	0	0	0	0	0	0	0	0	0	0	0	0	0	0	0.0	0.0	0.0	0.0	0	0
20153	640	400	999	999	0	0	99	116	104	192	0	0	0	0	0	0	0	0	0	0	0	0	0	0	0	0	0.0	0.0	0.0	0.0	0	0
20187	640	400	999	999	0	0	99	116	104	192	0	0	0	0	0	0	0	0	0	0	0	0	0	0	0	0	0.0	0.0	0.0	0.0	0	0
20220	640	400	999	999	0	0	99	116	104	192	0	0	0	0	0	0	0	0	0	0	0	0	0	0	0	0	0.0	0.0	0.0	0.0	0	0
20253	640	400	999	999	0	0	99	116	104	192	0	0	0	0	0	0	0	0	0	0	0	0	0	0	0	0	0.0	0.0	0.0	0.0	0	0
20287	640	400	999	999	0	0	99	116	104	192	0	0	0	0	0	0	0	0	0	0	0	0	0	0	0	0	0.0	0.0	0.0	0.0	0	0
20320	640	400	999	999	0	0	99	116	104	192	0	0	0	0	0	0	0	0	0	0	0	0	0	0	0	0	0.0	0.0	0.0	0.0	0	0
20353	640	400	999	999	0	0	99	116	104	192	0	0	0	0	0	0	0	0	0	0	0	0	0	0	0	0	0.0	0.0	0.0	0.0	0	0
20386	640	400	999	999	0	0	99	116	104	192	0	0	0	0	0	0	0	0	0	0	0	0	0	0	0	0	0.0	0.0	0.0	0.0	0	0
20421	640	400	999	999	0	0	99	116	104	192	0	0	0	0	0	0	0	0	0	0	0	0	0	0	0	0	0.0	0.0	0.0	0.0	0	0
20453	640	400	999	999	0	0	99	116	104	192	0	0	0	0	0	0	0	0	0	0	0	0	0	0	0	0	0.0	0.0	0.0	0.0	0	0
20487	640	400	999	999	0	0	99	116	104	192	0	0	0	0	0	0	0	0	0	0	0	0	0	0	0	0	0.0	0.0	0.0	0.0	0	0
20520	640	400	999	999	0	0	99	116	104	192	0	0	0	0	0	0	0	0	0	0	0	0	0	0	0	0	0.0	0.0	0.0	0.0	0	0
20553	640	400	999	999	0	0	99	116	104	192	0	0	0	0	0	0	0	0	0	0	0	0	0	0	0	0	0.0	0.0	0.0	0.0	0	0
20588	640	400	999	999	0	0	99	116	104	192	0	0	0	0	0	0	0	0	0	0	0	0	0	0	0	0	0.0	0.0	0.0	0.0	0	0
20618	640	400	999	999	0	0	99	116	104	192	0	0	0	0	0	0	0	0	0	0	0	0	0	0	0	0	0.0	0.0	0.0	0.0	0	0
20653	640	400	999	999	0	0	99	116	104	192	0	0	0	0	0	0	0	0	0	0	0	0	0	0	0	0	0.0	0.0	0.0	0.0	0	0
20686	640	400	999	999	0	0	99	116	104	192	0	0	0	0	0	0	0	0	0	0	0	0	0	0	0	0	0.0	0.0	0.0	0.0	0	0
20721	640	400	999	999	0	0	99	116	104	192	0	0	0	0	0	0	0	0	0	0	0	0	0	0	0	0	0.0	0.0	0.0	0.0	0	0
20752	640	400	999	999	0	0	99	116	104	192	0	0	0	0	0	0	0	0	0	0	0	0	0	0	0	0	0.0	0.0	0.0	0.0	0	0
20786	640	400	999	999	0	0	99	116	104	192	0	0	0	0	0	0	0	0	0	0	0	0	0	0	0	0	0.0	0.0	0.0	0.0	0	0
20819	640	400	999	999	0	0	99	116	104	192	0	0	0	0	0	0	0	0	0	0	0	0	0	0	0	0	0.0	0.0	0.0	0.0	0	0
20852	640	400	999	999	0	0	99	116	104	192	0	0	0	0	0	0	0	0	0	0	0	0	0	0	0	0	0.0	0.0	0.0	0.0	0	0
20886	640	400	999	999	0	0	99	116	104	192	0	0	0	0	0	0	0	0	0	0	0	0	0	0	0	0	0.0	0.0	0.0	0.0	0	0
20921	640	400	999	999	0	0	99	116	104	192	0	0	0	0	0	0	0	0	0	0	0	0	0	0	0	0	0.0	0.0	0.0	0.0	0	0
20952	640	400	999	999	0	0	99	116	104	192	0	0	0	0	0	0	0	0	0	0	0	0	0	0	0	0	0.0	0.0	0.0	0.0	0	0
20987	640	400	999	999	0	0	99	116	104	192	0	0	0	0	0	0	0	0	0	0	0	0	0	0	0	0	0.0	0.0	0.0	0.0	0	0
21018	640	400	999	999	0	0	99	116	104	192	0	0	0	0	0	0	0	0	0	0	0	0	0	0	0	0	0.0	0.0	0.0	0.0	0	0
21053	640	400	999	999	0	0	99	116	104	192	0	0	0	0	0	0	0	0	0	0	0	0	0	0	0	0	0.0	0.0	0.0	0.0	0	0
21085	640	400	999	999	0	0	99	116	104	192	0	0	0	0	0	0	0	0	0	0	0	0	0	0	0	0	0.0	0.0	0.0	0.0	0	0
21118	640	400	999	999	0	0	99	116	104	192	0	0	0	0	0	0	0	0	0	0	0	0	0	0	0	0	0.0	0.0	0.0	0.0	0	0
21154	640	400	999	999	0	0	99	116	104	192	0	0	0	0	0	0	0	0	0	0	0	0	0	0	0	0	0.0	0.0	0.0	0.0	0	0
21186	640	400	999	999	0	0	99	116	104	192	0	0	0	0	0	0	0	0	0	0	0	0	0	0	0	0	0.0	0.0	0.0	0.0	0	0
21218	640	400	999	999	0	0	99	116	104	192	0	0	0	0	0	0	0	0	0	0	0	0	0	0	0	0	0.0	0.0	0.0	0.0	0	0
21251	640	400	999	999	0	0	99	116	104	192	0	0	0	0	0	0	0	0	0	0	0	0	0	0	0	0	0.0	0.0	0.0	0.0	0	0
21284	640	400	999	999	0	0	99	116	104	192	0	0	0	0	0	0	0	0	0	0	0	0	0	0	0	0	0.0	0.0	0.0	0.0	0	0
21321	640	400	999	999	0	0	99	116	104	192	0	0	0	0	0	0	0	0	0	0	0	0	0	0	0	0	0.0	0.0	0.0	0.0	0	0
21351	640	400	999	999	0	0	99	116	104	192	0	0	0	0	0	0	0	0	0	0	0	0	0	0	0	0	0.0	0.0	0.0	0.0	0	0
21385	640	400	999	999	0	0	99	116	104	192	0	0	0	0	0	0	0	0	0	0	0	0	0	0	0	0	0.0	0.0	0.0	0.0	0	0
21418	640	400	999	999	0	0	99	116	104	192	0	0	0	0	0	0	0	0	0	0	0	0	0	0	0	0	0.0	0.0	0.0	0.0	0	0
21451	640	400	999	999	0	0	99	116	104	192	0	0	0	0	0	0	0	0	0	0	0	0	0	0	0	0	0.0	0.0	0.0	0.0	0	0
21484	640	400	999	999	0	0	99	116	104	192	0	0	0	0	0	0	0	0	0	0	0	0	0	0	0	0	0.0	0.0	0.0	0.0	0	0
21517	640	400	999	999	0	0	99	116	104	192	0	0	0	0	0	0	0	0	0	0	0	0	0	0	0	0	0.0	0.0	0.0	0.0	0	0
21551	640	400	999	999	0	0	99	116	104	192	0	0	0	0	0	0	0	0	0	0	0	0	0	0	0	0	0.0	0.0	0.0	0.0	0	0
21586	640	400	999	999	0	0	99	116	104	192	0	0	0	0	0	0	0	0	0	0	0	0	0	0	0	0	0.0	0.0	0.0	0.0	0	0
21618	640	400	999	999	0	0	99	116	104	192	0	0	0	0	0	0	0	0	0	0	0	0	0	0	0	0	0.0	0.0	0.0	0.0	0	0
21653	640	400	999	999	0	0	99	116	104	192	0	0	0	0	0	0	0	0	0	0	0	0	0	0	0	0	0.0	0.0	0.0	0.0	0	0
21684	640	400	999	999	0	0	99	116	104	192	0	0	0	0	0	0	0	0	0	0	0	0	0	0	0	0	0.0	0.0	0.0	0.0	0	0
21717	640	400	999	999	0	0	99	116	104	192	0	0	0	0	0	0	0	0	0	0	0	0	0	0	0	0	0.0	0.0	0.0	0.0	0	0
21754	640	400	999	999	0	0	99	116	104	192	0	0	0	0	0	0	0	0	0	0	0	0	0	0	0	0	0.0	0.0	0.0	0.0	0	0
21786	640	400	999	999	0	0	99	116	104	192	0	0	0	0	0	0	0	0	0	0	0	0	0	0	0	0	0.0	0.0	0.0	0.0	0	0
21818	640	400	999	999	0	0	99	116	104	192	0	0	0	0	0	0	0	0	0	0	0	0	0	0	0	0	0.0	0.0	0.0	0.0	0	0
21853	640	400	999	999	0	0	99	116	104	192	0	0	0	0	0	0	0	0	0	0	0	0	0	0	0	0	0.0	0.0	0.0	0.0	0	0
21888	640	400	999	999	0	0	99	116	104	192	0	0	0	0	0	0	0	0	0	0	0	0	0	0	0	0	0.0	0.0	0.0	0.0	0	0
21917	640	400	999	999	0	0	99	116	104	192	0	0	0	0	0	0	0	0	0	0	0	0	0	0	0	0	0.0	0.0	0.0	0.0	0	0
21953	640	400	999	999	0	0	99	116	104	192	0	0	0	0	0	0	0	0	0	0	0	0	0	0	0	0	0.0	0.0	0.0	0.0	0	0
21984	640	400	999	999	0	0	99	116	104	192	0	0	0	0	0	0	0	0	0	0	0	0	0	0	0	0	0.0	0.0	0.0	0.0	0	0
22018	640	400	999	999	0	0	99	116	104	192	0	0	0	0	0	0	0	0	0	0	0	0	0	0	0	0	0.0	0.0	0.0	0.0	0	0
22053	640	400	999	999	0	0	99	116	104	192	0	0	0	0	0	0	0	0	0	0	0	0	0	0	0	0	0.0	0.0	0.0	0.0	0	0
22087	640	400	999	999	0	0	99	116	104	192	0	0	0	0	0	0	0	0	0	0	0	0	0	0	0	0	0.0	0.0	0.0	0.0	0	0
22118	640	400	999	999	0	0	99	116	104	192	0	0	0	0	0	0	0	0	0	0	0	0	0	0	0	0	0.0	0.0	0.0	0.0	0	0
22153	640	400	999	999	0	0	99	116	104	192	0	0	0	0	0	0	0	0	0	0	0	0	0	0	0	0	0.0	0.0	0.0	0.0	0	0
22184	640	400	999	999	0	0	99	116	104	192	0	0	0	0	0	0	0	0	0	0	0	0	0	0	0	0	0.0	0.0	0.0	0.0	0	0
22220	640	400	999	999	0	0	99	116	104	192	0	0	0	0	0	0	0	0	0	0	0	0	0	0	0	0	0.0	0.0	0.0	0.0	0	0
22250	640	400	999	999	0	0	99	116	104	192	0	0	0	0	0	0	0	0	0	0	0	0	0	0	0	0	0.0	0.0	0.0	0.0	0	0
22285	640	400	999	999	0	0	99	116	104	192	0	0	0	0	0	0	0	0	0	0	0	0	0	0	0	0	0.0	0.0	0.0	0.0	0	0
22316	640	400	999	999	0	0	99	116	104	192	0	0	0	0	0	0	0	0	0	0	0	0	0	0	0	0	0.0	0.0	0.0	0.0	0	0
22352	640	400	999	999	0	0	99	116	104	192	0	0	0	0	0	0	0	0	0	0	0	0	0	0	0	0	0.0	0.0	0.0	0.0	0	0
22386	640	400	999	999	0	0	99	116	104	192	0	0	0	0	0	0	0	0	0	0	0	0	0	0	0	0	0.0	0.0	0.0	0.0	0	0
22419	640	400	999	999	0	0	99	116	104	192	0	0	0	0	0	0	0	0	0	0	0	0	0	0	0	0	0.0	0.0	0.0	0.0	0	0
22450	640	400	999	999	0	0	99	116	104	192	0	0	0	0	0	0	0	0	0	0	0	0	0	0	0	0	0.0	0.0	0.0	0.0	0	0
22485	640	400	999	999	0	0	99	116	104	192	0	0	0	0	0	0	0	0	0	0	0	0	0	0	0	0	0.0	0.0	0.0	0.0	0	0
22521	640	400	999	999	0	0	99	116	104	192	0	0	0	0	0	0	0	0	0	0	0	0	0	0	0	0	0.0	0.0	0.0	0.0	0	0
22554	640	400	999	999	0	0	99	116	104	192	0	0	0	0	0	0	0	0	0	0	0	0	0	0	0	0	0.0	0.0	0.0	0.0	0	0
22583	640	400	999	999	0	0	99	116	104	192	0	0	0	0	0	0	0	0	0	0	0	0	0	0	0	0	0.0	0.0	0.0	0.0	0	0
22618	640	400	999	999	0	0	99	116	104	192	0	0	0	0	0	0	0	0	0	0	0	0	0	0	0	0	0.0	0.0	0.0	0.0	0	0
22650	640	400	999	999	0	0	99	116	104	192	0	0	0	0	0	0	0	0	0	0	0	0	0	0	0	0	0.0	0.0	0.0	0.0	0	0
22683	640	400	999	999	0	0	99	116	104	192	0	0	0	0	0	0	0	0	0	0	0	0	0	0	0	0	0.0	0.0	0.0	0.0	0	0
22721	640	400	999	999	0	0	99	116	104	192	0	0	0	0	0	0	0	0	0	0	0	0	0	0	0	0	0.0	0.0	0.0	0.0	0	0
22749	640	400	999	999	0	0	99	116	104	192	0	0	0	0	0	0	0	0	0	0	0	0	0	0	0	0	0.0	0.0	0.0	0.0	0	0
22786	640	400	999	999	0	0	99	116	104	192	0	0	0	0	0	0	0	0	0	0	0	0	0	0	0	0	0.0	0.0	0.0	0.0	0	0
22820	640	400	999	999	0	0	99	116	104	192	0	0	0	0	0	0	0	0	0	0	0	0	0	0	0	0	0.0	0.0	0.0	0.0	0	0
22849	640	400	999	999	0	0	99	116	104	192	0	0	0	0	0	0	0	0	0	0	0	0	0	0	0	0	0.0	0.0	0.0	0.0	0	0
22887	640	400	999	999	0	0	99	116	104	192	0	0	0	0	0	0	0	0	0	0	0	0	0	0	0	0	0.0	0.0	0.0	0.0	0	0
22920	640	400	999	999	0	0	99	116	104	192	0	0	0	0	0	0	0	0	0	0	0	0	0	0	0	0	0.0	0.0	0.0	0.0	0	0
22954	640	400	999	999	0	0	99	116	104	192	0	0	0	0	0	0	0	0	0	0	0	0	0	0	0	0	0.0	0.0	0.0	0.0	0	0
22986	640	400	999	999	0	0	99	116	104	192	0	0	0	0	0	0	0	0	0	0	0	0	0	0	0	0	0.0	0.0	0.0	0.0	0	0
23019	640	400	999	999	0	0	99	116	104	192	0	0	0	0	0	0	0	0	0	0	0	0	0	0	0	0	0.0	0.0	0.0	0.0	0	0
23052	640	400	999	999	0	0	99	116	104	192	0	0	0	0	0	0	0	0	0	0	0	0	0	0	0	0	0.0	0.0	0.0	0.0	0	0
23086	640	400	999	999	0	0	99	116	104	192	0	0	0	0	0	0	0	0	0	0	0	0	0	0	0	0	0.0	0.0	0.0	0.0	0	0
23119	640	400	999	999	0	0	99	116	104	192	0	0	0	0	0	0	0	0	0	0	0	0	0	0	0	0	0.0	0.0	0.0	0.0	0	0
23153	640	400	999	999	0	0	99	116	104	192	0	0	0	0	0	0	0	0	0	0	0	0	0	0	0	0	0.0	0.0	0.0	0.0	0	0
23186	640	400	999	999	0	0	99	116	104	192	0	0	0	0	0	0	0	0	0	0	0	0	0	0	0	0	0.0	0.0	0.0	0.0	0	0
23217	640	400	999	999	0	0	99	116	104	192	0	0	0	0	0	0	0	0	0	0	0	0	0	0	0	0	0.0	0.0	0.0	0.0	0	0
23254	640	400	999	999	0	0	99	116	104	192	0	0	0	0	0	0	0	0	0	0	0	0	0	0	0	0	0.0	0.0	0.0	0.0	0	0
23283	640	400	999	999	0	0	99	116	104	192	0	0	0	0	0	0	0	0	0	0	0	0	0	0	0	0	0.0	0.0	0.0	0.0	0	0
23321	640	400	999	999	0	0	99	116	104	192	0	0	0	0	0	0	0	0	0	0	0	0	0	0	0	0	0.0	0.0	0.0	0.0	0	0
23351	640	400	999	999	0	0	99	116	104	192	0	0	0	0	0	0	0	0	0	0	0	0	0	0	0	0	0.0	0.0	0.0	0.0	0	0
23386	640	400	999	999	0	0	99	116	104	192	0	0	0	0	0	0	0	0	0	0	0	0	0	0	0	0	0.0	0.0	0.0	0.0	0	0
23418	640	400	999	999	0	0	99	116	104	192	0	0	0	0	0	0	0	0	0	0	0	0	0	0	0	0	0.0	0.0	0.0	0.0	0	0
23451	640	400	999	999	0	0	99	116	104	192	0	0	0	0	0	0	0	0	0	0	0	0	0	0	0	0	0.0	0.0	0.0	0.0	0	0
23485	640	400	999	999	0	0	99	116	104	192	0	0	0	0	0	0	0	0	0	0	0	0	0	0	0	0	0.0	0.0	0.0	0.0	0	0
23519	640	400	999	999	0	0	99	116	104	192	0	0	0	0	0	0	0	0	0	0	0	0	0	0	0	0	0.0	0.0	0.0	0.0	0	0
23550	640	400	999	999	0	0	99	116	104	192	0	0	0	0	0	0	0	0	0	0	0	0	0	0	0	0	0.0	0.0	0.0	0.0	0	0
23586	640	400	999	999	0	0	99	116	104	192	0	0	0	0	0	0	0	0	0	0	0	0	0	0	0	0	0.0	0.0	0.0	0.0	0	0
23619	640	400	999	999	0	0	99	116	104	192	0	0	0	0	0	0	0	0	0	0	0	0	0	0	0	0	0.0	0.0	0.0	0.0	0	0
23652	640	400	999	999	0	0	99	116	104	192	0	0	0	0	0	0	0	0	0	0	0	0	0	0	0	0	0.0	0.0	0.0	0.0	0	0
23687	640	400	999	999	0	0	99	116	104	192	0	0	0	0	0	0	0	0	0	0	0	0	0	0	0	0	0.0	0.0	0.0	0.0	0	0
23716	640	400	999	999	0	0	99	116	104	192	0	0	0	0	0	0	0	0	0	0	0	0	0	0	0	0	0.0	0.0	0.0	0.0	0	0
23753	640	400	999	999	0	0	99	116	104	192	0	0	0	0	0	0	0	0	0	0	0	0	0	0	0	0	0.0	0.0	0.0	0.0	0	0
23786	640	400	999	999	0	0	99	116	104	192	0	0	0	0	0	0	0	0	0	0	0	0	0	0	0	0	0.0	0.0	0.0	0.0	0	0
23818	640	400	999	999	0	0	99	116	104	192	0	0	0	0	0	0	0	0	0	0	0	0	0	0	0	0	0.0	0.0	0.0	0.0	0	0
23850	640	400	999	999	0	0	99	116	104	192	0	0	0	0	0	0	0	0	0	0	0	0	0	0	0	0	0.0	0.0	0.0	0.0	0	0
23885	640	400	999	999	0	0	99	116	104	192	0	0	0	0	0	0	0	0	0	0	0	0	0	0	0	0	0.0	0.0	0.0	0.0	0	0
23918	640	400	999	999	0	0	99	116	104	192	0	0	0	0	0	0	0	0	0	0	0	0	0	0	0	0	0.0	0.0	0.0	0.0	0	0
23952	640	400	999	999	0	0	99	116	104	192	0	0	0	0	0	0	0	0	0	0	0	0	0	0	0	0	0.0	0.0	0.0	0.0	0	0
23985	640	400	999	999	0	0	99	116	104	192	0	0	0	0	0	0	0	0	0	0	0	0	0	0	0	0	0.0	0.0	0.0	0.0	0	0
24017	640	400	999	999	0	0	99	116	104	192	0	0	0	0	0	0	0	0	0	0	0	0	0	0	0	0	0.0	0.0	0.0	0.0	0	0
24050	640	400	999	999	0	0	99	116	104	192	0	0	0	0	0	0	0	0	0	0	0	0	0	0	0	0	0.0	0.0	0.0	0.0	0	0
24085	640	400	999	999	0	0	99	116	104	192	0	0	0	0	0	0	0	0	0	0	0	0	0	0	0	0	0.0	0.0	0.0	0.0	0	0
24121	640	400	999	999	0	0	99	116	104	192	0	0	0	0	0	0	0	0	0	0	0	0	0	0	0	0	0.0	0.0	0.0	0.0	0	0
24150	640	400	999	999	0	0	99	116	104	192	0	0	0	0	0	0	0	0	0	0	0	0	0	0	0	0	0.0	0.0	0.0	0.0	0	0
24183	640	400	999	999	0	0	99	116	104	192	0	0	0	0	0	0	0	0	0	0	0	0	0	0	0	0	0.0	0.0	0.0	0.0	0	0
24218	640	400	999	999	0	0	99	116	104	192	0	0	0	0	0	0	0	0	0	0	0	0	0	0	0	0	0.0	0.0	0.0	0.0	0	0
24250	640	400	999	999	0	0	99	116	104	192	0	0	0	0	0	0	0	0	0	0	0	0	0	0	0	0	0.0	0.0	0.0	0.0	0	0
24285	640	400	999	999	0	0	99	116	104	192	0	0	0	0	0	0	0	0	0	0	0	0	0	0	0	0	0.0	0.0	0.0	0.0	0	0
24318	640	400	999	999	0	0	99	116	104	192	0	0	0	0	0	0	0	0	0	0	0	0	0	0	0	0	0.0	0.0	0.0	0.0	0	0
24351	640	400	999	999	0	0	99	116	104	192	0	0	0	0	0	0	0	0	0	0	0	0	0	0	0	0	0.0	0.0	0.0	0.0	0	0
24382	640	400	999	999	0	0	99	116	104	192	0	0	0	0	0	0	0	0	0	0	0	0	0	0	0	0	0.0	0.0	0.0	0.0	0	0
24418	640	400	999	999	0	0	99	116	104	192	0	0	0	0	0	0	0	0	0	0	0	0	0	0	0	0	0.0	0.0	0.0	0.0	0	0
24449	640	400	999	999	0	0	99	116	104	192	0	0	0	0	0	0	0	0	0	0	0	0	0	0	0	0	0.0	0.0	0.0	0.0	0	0
24484	640	400	999	999	0	0	99	116	104	192	0	0	0	0	0	0	0	0	0	0	0	0	0	0	0	0	0.0	0.0	0.0	0.0	0	0
24518	640	400	999	999	0	0	99	116	104	192	0	0	0	0	0	0	0	0	0	0	0	0	0	0	0	0	0.0	0.0	0.0	0.0	0	0
24551	640	400	999	999	0	0	99	116	104	192	0	0	0	0	0	0	0	0	0	0	0	0	0	0	0	0	0.0	0.0	0.0	0.0	0	0
24586	640	400	999	999	0	0	99	116	104	192	0	0	0	0	0	0	0	0	0	0	0	0	0	0	0	0	0.0	0.0	0.0	0.0	0	0
24617	640	400	999	999	0	0	99	116	104	192	0	0	0	0	0	0	0	0	0	0	0	0	0	0	0	0	0.0	0.0	0.0	0.0	0	0
24650	640	400	999	999	0	0	99	116	104	192	0	0	0	0	0	0	0	0	0	0	0	0	0	0	0	0	0.0	0.0	0.0	0.0	0	0
24684	640	400	999	999	0	0	99	116	104	192	0	0	0	0	0	0	0	0	0	0	0	0	0	0	0	0	0.0	0.0	0.0	0.0	0	0
24717	640	400	999	999	0	0	99	116	104	192	0	0	0	0	0	0	0	0	0	0	0	0	0	0	0	0	0.0	0.0	0.0	0.0	0	0
24752	640	400	999	999	0	0	99	116	104	192	0	0	0	0	0	0	0	0	0	0	0	0	0	0	0	0	0.0	0.0	0.0	0.0	0	0
24786	640	400	999	999	0	0	99	116	104	192	0	0	0	0	0	0	0	0	0	0	0	0	0	0	0	0	0.0	0.0	0.0	0.0	0	0
24817	640	400	999	999	0	0	99	116	104	192	0	0	0	0	0	0	0	0	0	0	0	0	0	0	0	0	0.0	0.0	0.0	0.0	0	0
24850	640	400	999	999	0	0	99	116	104	192	0	0	0	0	0	0	0	0	0	0	0	0	0	0	0	0	0.0	0.0	0.0	0.0	0	0
24883	640	400	999	999	0	0	99	116	104	192	0	0	0	0	0	0	0	0	0	0	0	0	0	0	0	0	0.0	0.0	0.0	0.0	0	0
24916	640	400	999	999	0	0	99	116	104	192	0	0	0	0	0	0	0	0	0	0	0	0	0	0	0	0	0.0	0.0	0.0	0.0	0	0
24950	640	400	999	999	0	0	99	116	104	192	0	0	0	0	0	0	0	0	0	0	0	0	0	0	0	0	0.0	0.0	0.0	0.0	0	0
24986	640	400	999	999	0	0	99	116	104	192	0	0	0	0	0	0	0	0	0	0	0	0	0	0	0	0	0.0	0.0	0.0	0.0	0	0
25017	640	400	999	999	0	0	99	116	104	192	0	0	0	0	0	0	0	0	0	0	0	0	0	0	0	0	0.0	0.0	0.0	0.0	0	0
25050	640	400	999	999	0	0	99	116	104	192	0	0	0	0	0	0	0	0	0	0	0	0	0	0	0	0	0.0	0.0	0.0	0.0	0	0
25083	640	400	999	999	0	0	99	116	104	192	0	0	0	0	0	0	0	0	0	0	0	0	0	0	0	0	0.0	0.0	0.0	0.0	0	0
25116	640	400	999	999	0	0	99	116	104	192	0	0	0	0	0	0	0	0	0	0	0	0	0	0	0	0	0.0	0.0	0.0	0.0	0	0
25149	640	400	999	999	0	0	99	116	104	192	0	0	0	0	0	0	0	0	0	0	0	0	0	0	0	0	0.0	0.0	0.0	0.0	0	0
25183	640	400	999	999	0	0	99	116	104	192	0	0	0	0	0	0	0	0	0	0	0	0	0	0	0	0	0.0	0.0	0.0	0.0	0	0
25218	640	400	999	999	0	0	99	116	104	192	0	0	0	0	0	0	0	0	0	0	0	0	0	0	0	0	0.0	0.0	0.0	0.0	0	0
25249	640	400	999	999	0	0	99	116	104	192	0	0	0	0	0	0	0	0	0	0	0	0	0	0	0	0	0.0	0.0	0.0	0.0	0	0
25283	640	400	999	999	0	0	99	116	104	192	0	0	0	0	0	0	0	0	0	0	0	0	0	0	0	0	0.0	0.0	0.0	0.0	0	0
25321	640	400	999	999	0	0	99	116	104	192	0	0	0	0	0	0	0	0	0	0	0	0	0	0	0	0	0.0	0.0	0.0	0.0	0	0
25350	640	400	999	999	0	0	99	116	104	192	0	0	0	0	0	0	0	0	0	0	0	0	0	0	0	0	0.0	0.0	0.0	0.0	0	0
25386	640	400	999	999	0	0	99	116	104	192	0	0	0	0	0	0	0	0	0	0	0	0	0	0	0	0	0.0	0.0	0.0	0.0	0	0
25419	640	400	999	999	0	0	99	116	104	192	0	0	0	0	0	0	0	0	0	0	0	0	0	0	0	0	0.0	0.0	0.0	0.0	0	0
25452	640	400	999	999	0	0	99	116	104	192	0	0	0	0	0	0	0	0	0	0	0	0	0	0	0	0	0.0	0.0	0.0	0.0	0	0
25487	640	400	999	999	0	0	99	116	104	192	0	0	0	0	0	0	0	0	0	0	0	0	0	0	0	0	0.0	0.0	0.0	0.0	0	0
25516	640	400	999	999	0	0	99	116	104	192	0	0	0	0	0	0	0	0	0	0	0	0	0	0	0	0	0.0	0.0	0.0	0.0	0	0
25554	640	400	999	999	0	0	99	116	104	192	0	0	0	0	0	0	0	0	0	0	0	0	0	0	0	0	0.0	0.0	0.0	0.0	0	0
25586	640	400	999	999	0	0	99	116	104	192	0	0	0	0	0	0	0	0	0	0	0	0	0	0	0	0	0.0	0.0	0.0	0.0	0	0
25617	640	400	999	999	0	0	99	116	104	192	0	0	0	0	0	0	0	0	0	0	0	0	0	0	0	0	0.0	0.0	0.0	0.0	0	0
25650	640	400	999	999	0	0	99	116	104	192	0	0	0	0	0	0	0	0	0	0	0	0	0	0	0	0	0.0	0.0	0.0	0.0	0	0
25687	640	400	999	999	0	0	99	116	104	192	0	0	0	0	0	0	0	0	0	0	0	0	0	0	0	0	0.0	0.0	0.0	0.0	0	0
25719	640	400	999	999	0	0	99	116	104	192	0	0	0	0	0	0	0	0	0	0	0	0	0	0	0	0	0.0	0.0	0.0	0.0	0	0
25750	640	400	999	999	0	0	99	116	104	192	0	0	0	0	0	0	0	0	0	0	0	0	0	0	0	0	0.0	0.0	0.0	0.0	0	0
25786	640	400	999	999	0	0	99	116	104	192	0	0	0	0	0	0	0	0	0	0	0	0	0	0	0	0	0.0	0.0	0.0	0.0	0	0
25816	640	400	999	999	0	0	99	116	104	192	0	0	0	0	0	0	0	0	0	0	0	0	0	0	0	0	0.0	0.0	0.0	0.0	0	0
25850	640	400	999	999	0	0	99	116	104	192	0	0	0	0	0	0	0	0	0	0	0	0	0	0	0	0	0.0	0.0	0.0	0.0	0	0
25887	640	400	999	999	0	0	99	116	104	192	0	0	0	0	0	0	0	0	0	0	0	0	0	0	0	0	0.0	0.0	0.0	0.0	0	0
25917	640	400	999	999	0	0	99	116	104	192	0	0	0	0	0	0	0	0	0	0	0	0	0	0	0	0	0.0	0.0	0.0	0.0	0	0
25954	640	400	999	999	0	0	99	116	104	192	0	0	0	0	0	0	0	0	0	0	0	0	0	0	0	0	0.0	0.0	0.0	0.0	0	0
25983	640	400	999	999	0	0	99	116	104	192	0	0	0	0	0	0	0	0	0	0	0	0	0	0	0	0	0.0	0.0	0.0	0.0	0	0
26018	640	400	999	999	0	0	99	116	104	192	0	0	0	0	0	0	0	0	0	0	0	0	0	0	0	0	0.0	0.0	0.0	0.0	0	0
26049	640	400	999	999	0	0	99	116	104	192	0	0	0	0	0	0	0	0	0	0	0	0	0	0	0	0	0.0	0.0	0.0	0.0	0	0
26087	640	400	999	999	0	0	99	116	104	192	0	0	0	0	0	0	0	0	0	0	0	0	0	0	0	0	0.0	0.0	0.0	0.0	0	0
26120	640	400	999	999	0	0	99	116	104	192	0	0	0	0	0	0	0	0	0	0	0	0	0	0	0	0	0.0	0.0	0.0	0.0	0	0
