millis	xpos	ypos	sX	sY	dpX	dpY	red	green	blue	opacity	A1	A2	A3	A4	L1	R1	L2	R2	S1	S2	M1	M2	up	down	left	right	anlgX	anlgY	anlgU	anlgV	joy1_int	joy2_int
3362	765	330	650	106	309	86	80	212	0	60	0	0	0	0	0	0	0	0	0	0	0	0	0	0	0	0	0.0	0.0	0.0	-0.10588235	0	5
3394	223	309	650	106	309	86	80	212	0	60	0	0	0	0	0	0	0	0	0	0	0	0	0	0	0	0	0.0	0.0	0.0	-0.10588235	0	5
3432	463	408	650	106	309	86	80	212	0	60	0	0	0	0	0	0	0	0	0	0	0	0	0	0	0	0	0.0	0.0	0.0	-0.10588235	0	5
3461	905	350	650	106	309	86	80	212	0	60	0	0	0	0	0	0	0	0	0	0	0	0	0	0	0	0	0.0	0.0	0.0	-0.12156862	0	6
3493	493	488	650	106	309	86	80	212	0	60	0	0	0	0	0	0	0	0	0	0	0	0	0	0	0	0	0.0	0.0	0.0	-0.12156862	0	6
3528	559	286	650	106	309	86	80	212	0	60	0	0	0	0	0	0	0	0	0	0	0	0	0	0	0	0	0.0	0.0	0.0	-0.12156862	0	6
3565	633	354	650	106	309	86	80	212	0	60	0	0	0	0	0	0	0	0	0	0	0	0	0	0	0	0	0.0	0.0	0.0	-0.12156862	0	6
3597	419	343	650	106	309	86	80	212	0	60	0	0	0	0	0	0	0	0	0	0	0	0	0	0	0	0	0.0	0.0	0.0	-0.12156862	0	6
3631	639	515	650	106	309	86	80	212	0	60	0	0	0	0	0	0	0	0	0	0	0	0	0	0	0	0	0.0	0.0	0.0	-0.12156862	0	6
3664	741	408	650	106	309	86	80	212	0	60	0	0	0	0	0	0	0	0	0	0	0	0	0	0	0	0	0.0	0.0	0.0	-0.12156862	0	6
3698	655	280	650	106	309	86	80	212	0	60	0	0	0	0	0	0	0	0	0	0	0	0	0	0	0	0	0.0	0.0	0.0	-0.12156862	0	6
3731	646	280	650	106	309	86	80	212	0	60	0	0	0	0	0	0	0	0	0	0	0	0	0	0	0	0	0.0	0.0	0.0	-0.12156862	0	6
3764	719	352	650	106	309	86	80	212	0	60	0	0	0	0	0	0	0	0	0	0	0	0	0	0	0	0	0.0	0.0	0.0	-0.12156862	0	6
3797	588	427	650	106	309	86	80	212	0	60	0	0	0	0	0	0	0	0	0	0	0	0	0	0	0	0	0.0	0.0	0.0	-0.12156862	0	6
3831	610	516	650	106	309	86	80	212	0	60	0	0	0	0	0	0	0	0	0	0	0	0	0	0	0	0	0.0	0.0	0.0	-0.12156862	0	6
3864	1034	375	650	106	309	86	80	212	0	60	0	0	0	0	0	0	0	0	0	0	0	0	0	0	0	0	0.0	0.0	0.0	-0.12156862	0	6
3896	106	416	650	106	309	86	80	212	0	60	0	0	0	0	0	0	0	0	0	0	0	0	0	0	0	0	0.0	0.0	0.0	-0.12156862	0	6
3931	1091	227	650	106	309	86	80	212	0	60	0	0	0	0	0	0	0	0	0	0	0	0	0	0	0	0	0.0	0.0	0.0	-0.12156862	0	6
3963	631	322	650	106	309	86	80	212	0	60	0	0	0	0	0	0	0	0	0	0	0	0	0	0	0	0	0.0	0.0	0.0	-0.12156862	0	6
3998	532	156	650	106	309	86	80	212	0	60	0	0	0	0	0	0	0	0	0	0	0	0	0	0	0	0	0.0	0.0	0.0	-0.12156862	0	6
4029	633	370	650	106	309	86	80	212	0	60	0	0	0	0	0	0	0	0	0	0	0	0	0	0	0	0	0.0	0.0	0.0	-0.12156862	0	6
4064	469	358	650	106	309	86	80	212	0	60	0	0	0	0	0	0	0	0	0	0	0	0	0	0	0	0	0.0	0.0	0.0	-0.12156862	0	6
4096	197	324	650	106	309	86	80	212	0	60	0	0	0	0	0	0	0	0	0	0	0	0	0	0	0	0	0.0	0.0	0.0	-0.12156862	0	6
4131	1280	404	650	106	309	86	80	212	0	60	0	0	0	0	0	0	0	0	0	0	0	0	0	0	0	0	0.0	0.0	0.0	-0.12156862	0	6
4163	931	323	650	106	309	86	80	212	0	60	0	0	0	0	0	0	0	0	0	0	0	0	0	0	0	0	0.0	0.0	0.0	-0.12156862	0	6
4197	251	504	650	106	309	86	80	212	0	60	0	0	0	0	0	0	0	0	0	0	0	0	0	0	0	0	0.0	0.0	0.0	-0.12156862	0	6
4231	879	365	650	106	309	86	80	212	0	60	0	0	0	0	0	0	0	0	0	0	0	0	0	0	0	0	0.0	0.0	0.0	-0.12156862	0	6
4265	760	311	650	106	309	86	80	212	0	60	0	0	0	0	0	0	0	0	0	0	0	0	0	0	0	0	0.0	0.0	0.0	-0.12156862	0	6
4297	998	378	650	106	309	86	80	212	0	60	0	0	0	0	0	0	0	0	0	0	0	0	0	0	0	0	0.0	0.0	0.0	-0.12941176	0	6
4332	1100	378	650	106	309	86	80	212	0	60	0	0	0	0	0	0	0	0	0	0	0	0	0	0	0	0	0.0	0.0	0.0	-0.12941176	0	6
4363	278	456	650	106	309	86	80	212	0	60	0	0	0	0	0	0	0	0	0	0	0	0	0	0	0	0	0.0	0.0	0.0	-0.12941176	0	6
4398	685	410	650	106	309	86	80	212	0	60	0	0	0	0	0	0	0	0	0	0	0	0	0	0	0	0	0.0	0.0	0.0	-0.12941176	0	6
4431	828	458	650	106	309	86	80	212	0	60	0	0	0	0	0	0	0	0	0	0	0	0	0	0	0	0	0.0	0.0	0.0	-0.12941176	0	6
4465	560	449	650	106	309	86	80	212	0	60	0	0	0	0	0	0	0	0	0	0	0	0	0	0	0	0	0.0	0.0	0.0	-0.12941176	0	6
4497	579	436	650	106	309	86	80	212	0	60	0	0	0	0	0	0	0	0	0	0	0	0	0	0	0	0	0.0	0.0	0.0	-0.14509803	0	7
4531	636	456	650	106	309	86	80	212	0	60	0	0	0	0	0	0	0	0	0	0	0	0	0	0	0	0	0.0	0.0	0.0	-0.14509803	0	7
4564	1070	536	650	106	309	86	80	212	0	60	0	0	0	0	0	0	0	0	0	0	0	0	0	0	0	0	0.0	0.0	0.0	-0.14509803	0	7
4598	292	277	650	106	309	86	80	212	0	60	0	0	0	0	0	0	0	0	0	0	0	0	0	0	0	0	0.0	0.0	0.0	-0.14509803	0	7
4630	1264	305	650	106	309	86	80	212	0	60	0	0	0	0	0	0	0	0	0	0	0	0	0	0	0	0	0.0	0.0	0.0	-0.14509803	0	7
4664	624	351	650	106	309	86	80	212	0	60	0	0	0	0	0	0	0	0	0	0	0	0	0	0	0	0	0.0	0.0	0.0	-0.14509803	0	7
4697	48	440	650	106	309	86	80	212	0	60	0	0	0	0	0	0	0	0	0	0	0	0	0	0	0	0	0.0	0.0	0.0	-0.14509803	0	7
4731	933	241	650	106	309	86	80	212	0	60	0	0	0	0	0	0	0	0	0	0	0	0	0	0	0	0	0.0	0.0	0.0	-0.14509803	0	7
4764	250	382	650	106	309	86	80	212	0	60	0	0	0	0	0	0	0	0	0	0	0	0	0	0	0	0	0.0	0.0	0.0	-0.14509803	0	7
4796	1068	369	650	106	309	86	80	212	0	60	0	0	0	0	0	0	0	0	0	0	0	0	0	0	0	0	0.0	0.0	0.0	-0.14509803	0	7
4831	832	450	650	106	309	86	80	212	0	60	0	0	0	0	0	0	0	0	0	0	0	0	0	0	0	0	0.0	0.0	0.0	-0.14509803	0	7
4863	454	313	650	106	309	86	80	212	0	60	0	0	0	0	0	0	0	0	0	0	0	0	0	0	0	0	0.0	0.0	0.0	-0.14509803	0	7
4897	348	250	650	106	309	86	80	212	0	60	0	0	0	0	0	0	0	0	0	0	0	0	0	0	0	0	0.0	0.0	0.0	-0.15294117	0	7
4929	1043	417	650	106	309	86	80	212	0	60	0	0	0	0	0	0	0	0	0	0	0	0	0	0	0	0	0.0	0.0	0.105882406	-0.15294117	0	12
4961	707	509	650	106	309	86	80	212	0	60	0	0	0	0	0	0	0	0	0	0	0	0	0	0	0	0	0.0	0.0	0.105882406	-0.15294117	0	12
4998	693	396	650	106	309	86	80	212	0	60	0	0	0	0	0	0	0	0	0	0	0	0	0	0	0	0	0.0	0.0	0.105882406	-0.15294117	0	12
5031	416	381	650	106	309	86	80	212	0	60	0	0	0	0	0	0	0	0	0	0	0	0	0	0	0	0	0.0	0.0	0.105882406	-0.15294117	0	12
5063	414	239	650	106	309	86	80	212	0	60	0	0	0	0	0	0	0	0	0	0	0	0	0	0	0	0	0.0	0.0	0.105882406	-0.16862744	0	13
5098	518	284	650	106	309	86	80	212	0	60	0	0	0	0	0	0	0	0	0	0	0	0	0	0	0	0	0.0	0.0	0.105882406	-0.16862744	0	13
5130	984	416	650	106	309	86	80	212	0	60	0	0	0	0	0	0	0	0	0	0	0	0	0	0	0	0	0.0	0.0	0.105882406	-0.16862744	0	13
5162	653	475	650	106	309	86	80	212	0	60	0	0	0	0	0	0	0	0	0	0	0	0	0	0	0	0	0.0	0.0	0.105882406	-0.16862744	0	13
5194	687	226	650	106	309	86	80	212	0	60	0	0	0	0	0	0	0	0	0	0	0	0	0	0	0	0	0.0	0.0	0.105882406	-0.16862744	0	13
5229	1280	204	650	106	309	86	80	212	0	60	0	0	0	0	0	0	0	0	0	0	0	0	0	0	0	0	0.0	0.0	0.105882406	-0.16862744	0	13
5263	0	493	650	106	309	86	80	212	0	60	0	0	0	0	0	0	0	0	0	0	0	0	0	0	0	0	0.0	0.0	0.105882406	-0.16862744	0	13
5298	734	578	650	106	309	86	80	212	0	60	0	0	0	0	0	0	0	0	0	0	0	0	0	0	0	0	0.0	0.0	0.0	-0.12156862	0	6
10798	1051	125	545	73	374	246	219	125	52	60	0	0	0	0	0	0	0	0	0	0	0	0	0	0	0	0	0.0	-0.10588235	0.0	0.0	5	0
10830	1158	541	545	73	374	246	219	125	52	60	0	0	0	0	0	0	0	0	0	0	0	0	0	0	0	0	0.0	-0.10588235	0.0	0.0	5	0
10865	450	356	545	73	374	246	219	125	52	60	0	0	0	0	0	0	0	0	0	0	0	0	0	0	0	0	0.0	-0.10588235	0.0	0.0	5	0
10897	844	537	545	73	374	246	219	125	52	60	0	0	0	0	0	0	0	0	0	0	0	0	0	0	0	0	0.0	-0.10588235	0.0	0.0	5	0
10931	857	432	545	73	374	246	219	125	52	60	0	0	0	0	0	0	0	0	0	0	0	0	0	0	0	0	0.0	-0.11372548	0.0	0.0	5	0
10963	603	476	545	73	374	246	219	125	52	60	0	0	0	0	0	0	0	0	0	0	0	0	0	0	0	0	0.0	-0.11372548	0.0	0.0	5	0
10998	408	443	545	73	374	246	219	125	52	60	0	0	0	0	0	0	0	0	0	0	0	0	0	0	0	0	0.0	-0.11372548	0.0	0.0	5	0
11030	911	536	545	73	374	246	219	125	52	60	0	0	0	0	0	0	0	0	0	0	0	0	0	0	0	0	0.0	-0.11372548	0.0	0.0	5	0
11063	460	324	545	73	374	246	219	125	52	60	0	0	0	0	0	0	0	0	0	0	0	0	0	0	0	0	0.0	-0.12156862	0.0	0.0	6	0
11097	826	648	545	73	374	246	219	125	52	60	0	0	0	0	0	0	0	0	0	0	0	0	0	0	0	0	0.0	-0.12156862	0.0	0.0	6	0
11130	905	373	545	73	374	246	219	125	52	60	0	0	0	0	0	0	0	0	0	0	0	0	0	0	0	0	0.0	-0.12156862	0.0	0.0	6	0
11164	1013	461	545	73	374	246	219	125	52	60	0	0	0	0	0	0	0	0	0	0	0	0	0	0	0	0	0.0	-0.12156862	0.0	0.0	6	0
11196	429	339	545	73	374	246	219	125	52	60	0	0	0	0	0	0	0	0	0	0	0	0	0	0	0	0	0.0	-0.1372549	0.0	0.0	6	0
11230	992	340	545	73	374	246	219	125	52	60	0	0	0	0	0	0	0	0	0	0	0	0	0	0	0	0	0.0	-0.1372549	0.0	0.0	6	0
11262	1125	387	545	73	374	246	219	125	52	60	0	0	0	0	0	0	0	0	0	0	0	0	0	0	0	0	0.0	-0.1372549	0.0	0.0	6	0
11297	1251	763	545	73	374	246	219	125	52	60	0	0	0	0	0	0	0	0	0	0	0	0	0	0	0	0	0.0	-0.1372549	0.0	0.0	6	0
11329	527	800	545	73	374	246	219	125	52	60	0	0	0	0	0	0	0	0	0	0	0	0	0	0	0	0	0.0	-0.1372549	0.0	0.0	6	0
11364	287	489	545	73	374	246	219	125	52	60	0	0	0	0	0	0	0	0	0	0	0	0	0	0	0	0	0.0	-0.1372549	0.0	0.0	6	0
11396	732	411	545	73	374	246	219	125	52	60	0	0	0	0	0	0	0	0	0	0	0	0	0	0	0	0	0.0	-0.1372549	0.0	0.0	6	0
11431	383	391	545	73	374	246	219	125	52	60	0	0	0	0	0	0	0	0	0	0	0	0	0	0	0	0	0.0	-0.14509803	0.0	0.0	7	0
11463	600	272	545	73	374	246	219	125	52	60	0	0	0	0	0	0	0	0	0	0	0	0	0	0	0	0	0.0	-0.14509803	0.0	0.0	7	0
11497	0	368	545	73	374	246	219	125	52	60	0	0	0	0	0	0	0	0	0	0	0	0	0	0	0	0	0.0	-0.12156862	0.0	0.0	6	0
11529	1023	143	545	73	374	246	219	125	52	60	0	0	0	0	0	0	0	0	0	0	0	0	0	0	0	0	0.0	-0.14509803	0.0	0.0	7	0
11564	669	600	545	73	374	246	219	125	52	60	0	0	0	0	0	0	0	0	0	0	0	0	0	0	0	0	0.0	-0.14509803	0.0	0.0	7	0
11596	579	0	545	73	374	246	219	125	52	60	0	0	0	0	0	0	0	0	0	0	0	0	0	0	0	0	0.0	-0.14509803	0.0	0.0	7	0
11628	94	0	545	73	374	246	219	125	52	60	0	0	0	0	0	0	0	0	0	0	0	0	0	0	0	0	0.0	-0.14509803	0.0	0.0	7	0
11663	529	125	545	73	374	246	219	125	52	60	0	0	0	0	0	0	0	0	0	0	0	0	0	0	0	0	0.11372554	-0.1607843	0.0	0.0	13	0
11695	1066	460	545	73	374	246	219	125	52	60	0	0	0	0	0	0	0	0	0	0	0	0	0	0	0	0	0.11372554	-0.1607843	0.0	0.0	13	0
11730	780	0	545	73	374	246	219	125	52	60	0	0	0	0	0	0	0	0	0	0	0	0	0	0	0	0	0.11372554	-0.16862744	0.0	0.0	14	0
11764	1158	186	545	73	374	246	219	125	52	60	0	0	0	0	0	0	0	0	0	0	0	0	0	0	0	0	0.11372554	-0.16862744	0.0	0.0	14	0
11796	688	291	545	73	374	246	219	125	52	60	0	0	0	0	0	0	0	0	0	0	0	0	0	0	0	0	0.11372554	-0.16862744	0.0	0.0	14	0
11831	766	408	545	73	374	246	219	125	52	60	0	0	0	0	0	0	0	0	0	0	0	0	0	0	0	0	0.11372554	-0.16862744	0.0	0.0	14	0
11863	508	243	545	73	374	246	219	125	52	60	0	0	0	0	0	0	0	0	0	0	0	0	0	0	0	0	0.11372554	-0.16862744	0.0	0.0	14	0
11898	1280	150	545	73	374	246	219	125	52	60	0	0	0	0	0	0	0	0	0	0	0	0	0	0	0	0	0.11372554	-0.16862744	0.0	0.0	14	0
11930	0	116	545	73	374	246	219	125	52	60	0	0	0	0	0	0	0	0	0	0	0	0	0	0	0	0	0.11372554	-0.16862744	0.0	0.0	14	0
11962	831	633	545	73	374	246	219	125	52	60	0	0	0	0	0	0	0	0	0	0	0	0	0	0	0	0	0.11372554	-0.16862744	0.0	0.0	14	0
11994	829	385	545	73	374	246	219	125	52	60	0	0	0	0	0	0	0	0	0	0	0	0	0	0	0	0	0.11372554	-0.16862744	0.0	0.0	14	0
12029	794	514	545	73	374	246	219	125	52	60	0	0	0	0	0	0	0	0	0	0	0	0	0	0	0	0	0.11372554	-0.16862744	0.0	0.0	14	0
12060	685	550	545	73	374	246	219	125	52	60	0	0	0	0	0	0	0	0	0	0	0	0	0	0	0	0	0.11372554	-0.16862744	0.0	0.0	14	0
12095	902	800	545	73	374	246	219	125	52	60	0	0	0	0	0	0	0	0	0	0	0	0	0	0	0	0	0.11372554	-0.14509803	0.0	0.0	12	0
12127	1280	306	545	73	374	246	219	125	52	60	0	0	0	0	0	0	0	0	0	0	0	0	0	0	0	0	0.11372554	0.0	0.0	0.0	5	0
14763	1120	677	545	73	374	246	219	125	52	60	0	0	0	0	0	0	0	0	0	0	0	0	0	0	0	0	0.12941182	0.0	0.0	0.0	6	0
14797	705	239	545	73	374	246	219	125	52	60	0	0	0	0	0	0	0	0	0	0	0	0	0	0	0	0	0.12941182	0.0	0.0	0.0	6	0
14829	0	543	545	73	374	246	219	125	52	60	0	0	0	0	0	0	0	0	0	0	0	0	0	0	0	0	0.12941182	0.0	0.0	0.0	6	0
14864	663	539	545	73	374	246	219	125	52	60	0	0	0	0	0	0	0	0	0	0	0	0	0	0	0	0	0.12941182	0.0	0.0	0.0	6	0
14896	736	800	545	73	374	246	219	125	52	60	0	0	0	0	0	0	0	0	0	0	0	0	0	0	0	0	0.12941182	0.0	0.0	0.0	6	0
14928	275	0	545	73	374	246	219	125	52	60	0	0	0	0	0	0	0	0	0	0	0	0	0	0	0	0	0.12941182	0.0	0.0	0.0	6	0
14963	493	523	545	73	374	246	219	125	52	60	0	0	0	0	0	0	0	0	0	0	0	0	0	0	0	0	0.12941182	0.0	0.0	0.0	6	0
14995	491	146	545	73	374	246	219	125	52	60	0	0	0	0	0	0	0	0	0	0	0	0	0	0	0	0	0.14509809	0.0	0.0	0.0	7	0
15028	294	651	545	73	374	246	219	125	52	60	0	0	0	0	0	0	0	0	0	0	0	0	0	0	0	0	0.14509809	0.0	0.0	0.0	7	0
15062	117	609	545	73	374	246	219	125	52	60	0	0	0	0	0	0	0	0	0	0	0	0	0	0	0	0	0.14509809	0.0	0.0	0.0	7	0
15096	674	800	545	73	374	246	219	125	52	60	0	0	0	0	0	0	0	0	0	0	0	0	0	0	0	0	0.14509809	0.0	0.0	0.0	7	0
15128	1263	485	545	73	374	246	219	125	52	60	0	0	0	0	0	0	0	0	0	0	0	0	0	0	0	0	0.16078436	0.0	0.0	0.0	8	0
15163	174	290	545	73	374	246	219	125	52	60	0	0	0	0	0	0	0	0	0	0	0	0	0	0	0	0	0.16078436	0.0	0.0	0.0	8	0
15194	387	0	545	73	374	246	219	125	52	60	0	0	0	0	0	0	0	0	0	0	0	0	0	0	0	0	0.16078436	0.0	0.0	0.0	8	0
15230	587	590	545	73	374	246	219	125	52	60	0	0	0	0	0	0	0	0	0	0	0	0	0	0	0	0	0.1686275	0.0	0.0	0.0	8	0
15262	1033	0	545	73	374	246	219	125	52	60	0	0	0	0	0	0	0	0	0	0	0	0	0	0	0	0	0.1686275	0.0	0.0	0.0	8	0
15294	236	0	545	73	374	246	219	125	52	60	0	0	0	0	0	0	0	0	0	0	0	0	0	0	0	0	0.1686275	0.0	0.0	0.0	8	0
15328	821	757	545	73	374	246	219	125	52	60	0	0	0	0	0	0	0	0	0	0	0	0	0	0	0	0	0.1686275	0.0	0.0	0.0	8	0
15360	488	27	545	73	374	246	219	125	52	60	0	0	0	0	0	0	0	0	0	0	0	0	0	0	0	0	0.1686275	0.0	0.0	0.0	8	0
15395	672	409	545	73	374	246	219	125	52	60	0	0	0	0	0	0	0	0	0	0	0	0	0	0	0	0	0.18431377	0.0	0.0	0.0	9	0
15430	1000	800	545	73	374	246	219	125	52	60	0	0	0	0	0	0	0	0	0	0	0	0	0	0	0	0	0.18431377	0.0	0.0	0.0	9	0
15461	500	272	545	73	374	246	219	125	52	60	0	0	0	0	0	0	0	0	0	0	0	0	0	0	0	0	0.18431377	0.0	0.0	0.0	9	0
15497	83	489	545	73	374	246	219	125	52	60	0	0	0	0	0	0	0	0	0	0	0	0	0	0	0	0	0.18431377	0.0	0.0	0.0	9	0
15529	985	391	545	73	374	246	219	125	52	60	0	0	0	0	0	0	0	0	0	0	0	0	0	0	0	0	0.18431377	0.0	0.0	0.0	9	0
15561	779	568	545	73	374	246	219	125	52	60	0	0	0	0	0	0	0	0	0	0	0	0	0	0	0	0	0.20000005	0.0	0.0	0.0	10	0
15596	229	264	545	73	374	246	219	125	52	60	0	0	0	0	0	0	0	0	0	0	0	0	0	0	0	0	0.20000005	0.0	0.0	0.0	10	0
15630	310	800	545	73	374	246	219	125	52	60	0	0	0	0	0	0	0	0	0	0	0	0	0	0	0	0	0.20000005	0.0	0.0	0.0	10	0
15660	726	0	545	73	374	246	219	125	52	60	0	0	0	0	0	0	0	0	0	0	0	0	0	0	0	0	0.20000005	0.0	0.0	0.0	10	0
15694	420	86	545	73	374	246	219	125	52	60	0	0	0	0	0	0	0	0	0	0	0	0	0	0	0	0	0.20000005	0.0	0.0	0.0	10	0
15729	208	157	545	73	374	246	219	125	52	60	0	0	0	0	0	0	0	0	0	0	0	0	0	0	0	0	0.20000005	0.0	0.0	0.0	10	0
15761	661	531	545	73	374	246	219	125	52	60	0	0	0	0	0	0	0	0	0	0	0	0	0	0	0	0	0.20000005	0.0	0.0	0.0	10	0
15796	602	281	545	73	374	246	219	125	52	60	0	0	0	0	0	0	0	0	0	0	0	0	0	0	0	0	0.20000005	0.0	0.0	0.0	10	0
15828	460	493	545	73	374	246	219	125	52	60	0	0	0	0	0	0	0	0	0	0	0	0	0	0	0	0	0.20000005	0.0	0.0	0.0	10	0
15862	1018	431	545	73	374	246	219	125	52	60	0	0	0	0	0	0	0	0	0	0	0	0	0	0	0	0	0.20000005	0.0	0.0	0.0	10	0
15894	716	660	545	73	374	246	219	125	52	60	0	0	0	0	0	0	0	0	0	0	0	0	0	0	0	0	0.20000005	0.0	0.0	0.0	10	0
15927	870	344	545	73	374	246	219	125	52	60	0	0	0	0	0	0	0	0	0	0	0	0	0	0	0	0	0.20000005	0.0	0.0	0.0	10	0
15961	573	281	545	73	374	246	219	125	52	60	0	0	0	0	0	0	0	0	0	0	0	0	0	0	0	0	0.20000005	0.0	0.0	0.0	10	0
15996	77	642	545	73	374	246	219	125	52	60	0	0	0	0	0	0	0	0	0	0	0	0	0	0	0	0	0.20000005	0.0	0.0	0.0	10	0
16031	1162	720	545	73	374	246	219	125	52	60	0	0	0	0	0	0	0	0	0	0	0	0	0	0	0	0	0.20000005	0.0	0.0	0.0	10	0
16060	212	438	545	73	374	246	219	125	52	60	0	0	0	0	0	0	0	0	0	0	0	0	0	0	0	0	0.20000005	0.0	0.0	0.0	10	0
16095	391	407	545	73	374	246	219	125	52	60	0	0	0	0	0	0	0	0	0	0	0	0	0	0	0	0	0.20000005	0.0	0.0	0.0	10	0
16130	351	176	545	73	374	246	219	125	52	60	0	0	0	0	0	0	0	0	0	0	0	0	0	0	0	0	0.20000005	0.0	0.0	0.0	10	0
16161	974	0	545	73	374	246	219	125	52	60	0	0	0	0	0	0	0	0	0	0	0	0	0	0	0	0	0.21568632	0.0	0.0	0.0	10	0
16193	477	260	545	73	374	246	219	125	52	60	0	0	0	0	0	0	0	0	0	0	0	0	0	0	0	0	0.21568632	0.0	0.0	0.0	10	0
16231	896	188	545	73	374	246	219	125	52	60	0	0	0	0	0	0	0	0	0	0	0	0	0	0	0	0	0.21568632	0.0	0.0	0.0	10	0
16259	276	210	545	73	374	246	219	125	52	60	0	0	0	0	0	0	0	0	0	0	0	0	0	0	0	0	0.21568632	0.0	0.0	0.0	10	0
16296	109	629	545	73	374	246	219	125	52	60	0	0	0	0	0	0	0	0	0	0	0	0	0	0	0	0	0.21568632	0.0	0.0	0.0	10	0
16327	450	167	545	73	374	246	219	125	52	60	0	0	0	0	0	0	0	0	0	0	0	0	0	0	0	0	0.21568632	0.0	0.0	0.0	10	0
16362	467	687	545	73	374	246	219	125	52	60	0	0	0	0	0	0	0	0	0	0	0	0	0	0	0	0	0.21568632	0.0	0.0	0.0	10	0
16396	0	285	545	73	374	246	219	125	52	60	0	0	0	0	0	0	0	0	0	0	0	0	0	0	0	0	0.21568632	0.0	0.0	0.0	10	0
16428	1280	24	545	73	374	246	219	125	52	60	0	0	0	0	0	0	0	0	0	0	0	0	0	0	0	0	0.21568632	0.0	0.0	0.0	10	0
16460	1227	800	545	73	374	246	219	125	52	60	0	0	0	0	0	0	0	0	0	0	0	0	0	0	0	0	0.2313726	0.0	0.0	0.0	11	0
16493	977	377	545	73	374	246	219	125	52	60	0	0	0	0	0	0	0	0	0	0	0	0	0	0	0	0	0.2313726	0.0	0.0	0.0	11	0
16530	784	334	545	73	374	246	219	125	52	60	0	0	0	0	0	0	0	0	0	0	0	0	0	0	0	0	0.2313726	0.0	0.0	0.0	11	0
16562	914	187	545	73	374	246	219	125	52	60	0	0	0	0	0	0	0	0	0	0	0	0	0	0	0	0	0.2313726	0.0	0.0	0.0	11	0
16594	45	160	545	73	374	246	219	125	52	60	0	0	0	0	0	0	0	0	0	0	0	0	0	0	0	0	0.23921573	0.0	0.0	0.0	11	0
16629	745	64	545	73	374	246	219	125	52	60	0	0	0	0	0	0	0	0	0	0	0	0	0	0	0	0	0.23921573	0.0	0.0	0.0	11	0
16660	556	336	545	73	374	246	219	125	52	60	0	0	0	0	0	0	0	0	0	0	0	0	0	0	0	0	0.23921573	0.0	0.0	0.0	11	0
16698	0	524	545	73	374	246	219	125	52	60	0	0	0	0	0	0	0	0	0	0	0	0	0	0	0	0	0.23921573	0.0	0.0	0.0	11	0
16727	636	341	545	73	374	246	219	125	52	60	0	0	0	0	0	0	0	0	0	0	0	0	0	0	0	0	0.23921573	0.0	0.0	0.0	11	0
16763	791	257	545	73	374	246	219	125	52	60	0	0	0	0	0	0	0	0	0	0	0	0	0	0	0	0	0.23921573	0.0	0.0	0.0	11	0
16797	473	721	545	73	374	246	219	125	52	60	0	0	0	0	0	0	0	0	0	0	0	0	0	0	0	0	0.254902	0.0	0.0	0.0	12	0
16829	1109	800	545	73	374	246	219	125	52	60	0	0	0	0	0	0	0	0	0	0	0	0	0	0	0	0	0.254902	0.0	0.0	0.0	12	0
16864	1067	404	545	73	374	246	219	125	52	60	0	0	0	0	0	0	0	0	0	0	0	0	0	0	0	0	0.254902	0.0	0.0	0.0	12	0
16893	682	131	545	73	374	246	219	125	52	60	0	0	0	0	0	0	0	0	0	0	0	0	0	0	0	0	0.254902	0.0	0.0	0.0	12	0
16928	220	627	545	73	374	246	219	125	52	60	0	0	0	0	0	0	0	0	0	0	0	0	0	0	0	0	0.254902	0.0	0.0	0.0	12	0
16963	537	192	545	73	374	246	219	125	52	60	0	0	0	0	0	0	0	0	0	0	0	0	0	0	0	0	0.254902	0.0	0.0	0.0	12	0
16994	907	731	545	73	374	246	219	125	52	60	0	0	0	0	0	0	0	0	0	0	0	0	0	0	0	0	0.254902	0.0	0.0	0.0	12	0
17029	1190	372	545	73	374	246	219	125	52	60	0	0	0	0	0	0	0	0	0	0	0	0	0	0	0	0	0.254902	0.0	0.0	0.0	12	0
17060	714	376	545	73	374	246	219	125	52	60	0	0	0	0	0	0	0	0	0	0	0	0	0	0	0	0	0.254902	0.0	0.0	0.0	12	0
17095	543	304	545	73	374	246	219	125	52	60	0	0	0	0	0	0	0	0	0	0	0	0	0	0	0	0	0.28627455	0.0	0.0	0.0	14	0
17128	1157	442	545	73	374	246	219	125	52	60	0	0	0	0	0	0	0	0	0	0	0	0	0	0	0	0	0.28627455	0.0	0.0	0.0	14	0
17163	1096	413	545	73	374	246	219	125	52	60	0	0	0	0	0	0	0	0	0	0	0	0	0	0	0	0	0.28627455	0.0	0.0	0.0	14	0
17198	148	527	545	73	374	246	219	125	52	60	0	0	0	0	0	0	0	0	0	0	0	0	0	0	0	0	0.28627455	0.0	0.0	0.0	14	0
17232	682	442	545	73	374	246	219	125	52	60	0	0	0	0	0	0	0	0	0	0	0	0	0	0	0	0	0.28627455	0.0	0.0	0.0	14	0
17261	433	693	545	73	374	246	219	125	52	60	0	0	0	0	0	0	0	0	0	0	0	0	0	0	0	0	0.28627455	0.0	0.0	0.0	14	0
17293	474	296	545	73	374	246	219	125	52	60	0	0	0	0	0	0	0	0	0	0	0	0	0	0	0	0	0.28627455	0.0	0.0	0.0	14	0
17331	688	526	545	73	374	246	219	125	52	60	0	0	0	0	0	0	0	0	0	0	0	0	0	0	0	0	0.28627455	0.0	0.0	0.0	14	0
17360	1178	0	545	73	374	246	219	125	52	60	0	0	0	0	0	0	0	0	0	0	0	0	0	0	0	0	0.28627455	0.0	0.0	0.0	14	0
17398	936	335	545	73	374	246	219	125	52	60	0	0	0	0	0	0	0	0	0	0	0	0	0	0	0	0	0.28627455	0.0	0.0	0.0	14	0
17430	1151	552	545	73	374	246	219	125	52	60	0	0	0	0	0	0	0	0	0	0	0	0	0	0	0	0	0.28627455	0.0	0.0	0.0	14	0
17462	798	419	545	73	374	246	219	125	52	60	0	0	0	0	0	0	0	0	0	0	0	0	0	0	0	0	0.28627455	0.0	0.0	0.0	14	0
17494	556	506	545	73	374	246	219	125	52	60	0	0	0	0	0	0	0	0	0	0	0	0	0	0	0	0	0.30196083	0.0	0.0	0.0	15	0
17528	196	664	545	73	374	246	219	125	52	60	0	0	0	0	0	0	0	0	0	0	0	0	0	0	0	0	0.30196083	0.0	0.0	0.0	15	0
17565	829	800	545	73	374	246	219	125	52	60	0	0	0	0	0	0	0	0	0	0	0	0	0	0	0	0	0.30196083	0.0	0.0	0.0	15	0
17598	435	470	545	73	374	246	219	125	52	60	0	0	0	0	0	0	0	0	0	0	0	0	0	0	0	0	0.30196083	0.0	0.0	0.0	15	0
17630	661	526	545	73	374	246	219	125	52	60	0	0	0	0	0	0	0	0	0	0	0	0	0	0	0	0	0.30196083	0.0	0.0	0.0	15	0
17665	137	661	545	73	374	246	219	125	52	60	0	0	0	0	0	0	0	0	0	0	0	0	0	0	0	0	0.30196083	0.0	0.0	0.0	15	0
17697	0	642	545	73	374	246	219	125	52	60	0	0	0	0	0	0	0	0	0	0	0	0	0	0	0	0	0.30196083	0.0	0.0	0.0	15	0
17732	1228	638	545	73	374	246	219	125	52	60	0	0	0	0	0	0	0	0	0	0	0	0	0	0	0	0	0.30196083	0.0	0.0	0.0	15	0
17764	469	725	545	73	374	246	219	125	52	60	0	0	0	0	0	0	0	0	0	0	0	0	0	0	0	0	0.30196083	0.0	0.0	0.0	15	0
17798	0	178	545	73	374	246	219	125	52	60	0	0	0	0	0	0	0	0	0	0	0	0	0	0	0	0	0.30196083	0.0	0.0	0.0	15	0
17830	963	795	545	73	374	246	219	125	52	60	0	0	0	0	0	0	0	0	0	0	0	0	0	0	0	0	0.30196083	0.0	0.0	0.0	15	0
17865	647	479	545	73	374	246	219	125	52	60	0	0	0	0	0	0	0	0	0	0	0	0	0	0	0	0	0.30196083	0.0	0.0	0.0	15	0
17897	518	182	545	73	374	246	219	125	52	60	0	0	0	0	0	0	0	0	0	0	0	0	0	0	0	0	0.30196083	0.0	0.0	0.0	15	0
17930	529	295	545	73	374	246	219	125	52	60	0	0	0	0	0	0	0	0	0	0	0	0	0	0	0	0	0.30196083	0.0	0.0	0.0	15	0
17964	530	19	545	73	374	246	219	125	52	60	0	0	0	0	0	0	0	0	0	0	0	0	0	0	0	0	0.30196083	0.0	0.0	0.0	15	0
17996	1162	0	545	73	374	246	219	125	52	60	0	0	0	0	0	0	0	0	0	0	0	0	0	0	0	0	0.30196083	0.0	0.0	0.0	15	0
18031	596	381	545	73	374	246	219	125	52	60	0	0	0	0	0	0	0	0	0	0	0	0	0	0	0	0	0.30196083	0.0	0.0	0.0	15	0
18063	569	540	545	73	374	246	219	125	52	60	0	0	0	0	0	0	0	0	0	0	0	0	0	0	0	0	0.18431377	0.0	0.0	0.0	9	0
