millis	xpos	ypos	sX	sY	dpX	dpY	red	green	blue	opacity	A1	A2	A3	A4	L1	R1	L2	R2	S1	S2	M1	M2	up	down	left	right	anlgX	anlgY	anlgU	anlgV	joy1_int	joy2_int
2756	850	142	350	350	300	300	0	0	0	60	0	0	0	0	0	0	0	0	0	0	0	0	0	0	0	0	0.07450986	0.0	0.0	0.0	3	0
3826	1014	139	86	200	399	249	99	54	212	60	0	0	0	0	0	0	0	0	0	0	0	0	0	0	0	0	0.24705887	0.43529415	0.12156868	-0.52156866	-10	32
3859	306	119	86	200	399	249	99	54	212	60	0	0	0	0	0	0	0	0	0	0	0	0	0	0	0	0	0.45098042	0.5529412	0.19215691	-0.827451	-6	50
3891	934	274	86	200	399	249	99	54	212	60	0	0	0	0	0	0	0	0	0	0	0	0	0	0	0	0	0.62352943	0.60784316	0.19215691	-0.9843137	0	58
3925	488	94	86	200	399	249	99	54	212	60	0	0	0	0	0	0	0	0	0	0	0	0	0	0	0	0	0.78039217	0.654902	0.13725495	-1.0	6	56
3958	1280	409	86	200	399	249	99	54	212	60	0	0	0	0	0	0	0	0	0	0	0	0	0	0	0	0	0.827451	0.5529412	0.0	-1.0	13	50
3991	530	422	86	200	399	249	99	54	212	60	0	0	0	0	0	0	0	0	0	0	0	0	0	0	0	0	0.34901965	-0.17647058	0.0	-1.0	26	50
4025	1280	154	86	200	399	249	99	54	212	60	0	0	0	0	0	0	0	0	0	0	0	0	0	0	0	0	0.105882406	-0.19215685	-0.1372549	-0.7254902	14	29
4057	1280	603	86	200	399	249	99	54	212	60	0	0	0	0	0	0	0	0	0	0	0	0	0	0	0	0	0.0	-0.19215685	-0.15294117	-0.4352941	9	14
4092	1048	800	86	200	399	249	99	54	212	60	0	0	0	0	0	0	0	0	0	0	0	0	0	0	0	0	0.0	-0.23921567	0.0	0.0	11	0
4125	696	282	86	200	399	249	99	54	212	60	0	0	0	0	0	0	0	0	0	0	0	0	0	0	0	0	0.0	-0.27843136	0.0	0.16078436	13	-9
4158	534	800	86	200	399	249	99	54	212	60	0	0	0	0	0	0	0	0	0	0	0	0	0	0	0	0	0.0	-0.27843136	0.24705887	0.30980396	13	-4
4190	857	577	86	200	399	249	99	54	212	60	0	0	0	0	0	0	0	0	0	0	0	0	0	0	0	0	0.0	-0.27843136	0.39607847	0.41960788	13	-2
4224	726	374	86	200	399	249	99	54	212	60	0	0	0	0	0	0	0	0	0	0	0	0	0	0	0	0	0.0	-0.29411763	0.5921569	0.5058824	14	4
4258	1270	0	86	200	399	249	99	54	212	60	0	0	0	0	0	0	0	0	0	0	0	0	0	0	0	0	0.0	-0.4352941	0.6784314	0.6392157	21	1
4291	761	424	86	200	399	249	99	54	212	60	0	0	0	0	0	0	0	0	0	0	0	0	0	0	0	0	0.0	-0.78039217	0.8117647	0.79607844	39	0
4324	235	404	86	200	399	249	99	54	212	60	0	0	0	0	0	0	0	0	0	0	0	0	0	0	0	0	-0.70980394	-1.0	0.96862745	0.8666667	14	5
4358	1034	197	86	200	399	249	99	54	212	60	0	0	0	0	0	0	0	0	0	0	0	0	0	0	0	0	-1.0	-0.96862745	1.0	0.8666667	-2	6
4390	921	647	86	200	399	249	99	54	212	60	0	0	0	0	0	0	0	0	0	0	0	0	0	0	0	0	-1.0	-0.58431375	1.0	0.62352943	-21	18
4424	872	592	86	200	399	249	99	54	212	60	0	0	0	0	0	0	0	0	0	0	0	0	0	0	0	0	-1.0	-0.19215685	1.0	0.26274514	-41	36
4457	598	460	86	200	399	249	99	54	212	60	0	0	0	0	0	0	0	0	0	0	0	0	0	0	0	0	-1.0	0.12156868	1.0	0.0	-57	50
4491	698	566	86	200	399	249	99	54	212	60	0	0	0	0	0	0	0	0	0	0	0	0	0	0	0	0	-1.0	0.2941177	1.0	0.0	-65	50
4524	856	279	86	200	399	249	99	54	212	60	0	0	0	0	0	0	0	0	0	0	0	0	0	0	0	0	-0.8666667	0.39607847	0.19215691	0.0	-64	9
4557	638	499	86	200	399	249	99	54	212	60	0	0	0	0	0	0	0	0	0	0	0	0	0	0	0	0	-0.17647058	0.0	0.12156868	0.0	-9	6
4590	216	513	86	200	399	249	99	54	212	60	0	0	0	0	0	0	0	0	0	0	0	0	0	0	0	0	-0.10588235	0.0	0.0	0.0	-6	0
4723	385	444	86	200	399	249	99	54	212	60	0	0	0	0	0	0	0	0	0	0	0	0	0	0	0	0	0.0	0.0	0.34901965	0.0	0	17
4757	906	730	86	200	399	249	99	54	212	60	0	0	0	0	0	0	0	0	0	0	0	0	0	0	0	0	-0.29411763	0.0	0.9843137	0.0	-15	49
4790	560	191	86	200	399	249	99	54	212	60	0	0	0	0	0	0	0	0	0	0	0	0	0	0	0	0	-1.0	0.0	1.0	0.0	-50	50
4822	1062	339	86	200	399	249	99	54	212	60	0	0	0	0	0	0	0	0	0	0	0	0	0	0	0	0	-1.0	0.0	1.0	0.0	-50	50
4856	899	351	86	200	399	249	99	54	212	60	0	0	0	0	0	0	0	0	0	0	0	0	0	0	0	0	-1.0	0.0	1.0	0.0	-50	50
4890	487	535	86	200	399	249	99	54	212	60	0	0	0	0	0	0	0	0	0	0	0	0	0	0	0	0	-1.0	0.0	1.0	0.0	-50	50
4923	1280	309	86	200	399	249	99	54	212	60	0	0	0	0	0	0	0	0	0	0	0	0	0	0	0	0	-1.0	0.0	1.0	0.105882406	-50	44
4956	348	210	86	200	399	249	99	54	212	60	0	0	0	0	0	0	0	0	0	0	0	0	0	0	0	0	-0.8901961	0.0	0.47450984	0.13725495	-45	16
4989	1207	0	86	200	399	249	99	54	212	60	0	0	0	0	0	0	0	0	0	0	0	0	0	0	0	0	0.0	0.0	0.1686275	0.0	0	8
5022	1280	258	86	200	399	249	99	54	212	60	0	0	0	0	0	0	0	0	0	0	0	0	0	0	0	0	0.0	0.0	0.1686275	0.0	0	8
5056	594	449	86	200	399	249	99	54	212	60	0	0	0	0	0	0	0	0	0	0	0	0	0	0	0	0	0.0	0.0	0.15294123	0.0	0	7
5089	253	58	86	200	399	249	99	54	212	60	0	0	0	0	0	0	0	0	0	0	0	0	0	0	0	0	0.0	0.0	0.15294123	0.0	0	7
5122	1246	569	86	200	399	249	99	54	212	60	0	0	0	0	0	0	0	0	0	0	0	0	0	0	0	0	0.0	0.0	0.15294123	0.0	0	7
5156	1073	555	86	200	399	249	99	54	212	60	0	0	0	0	0	0	0	0	0	0	0	0	0	0	0	0	-0.11372548	0.0	0.24705887	0.0	-6	12
5189	1011	71	86	200	399	249	99	54	212	60	0	0	0	0	0	0	0	0	0	0	0	0	0	0	0	0	-1.0	-0.4980392	1.0	0.0	-26	50
5222	876	23	86	200	399	249	99	54	212	60	0	0	0	0	0	0	0	0	0	0	0	0	0	0	0	0	-1.0	-0.6392157	1.0	0.0	-19	50
5255	392	325	86	200	399	249	99	54	212	60	0	0	0	0	0	0	0	0	0	0	0	0	0	0	0	0	-1.0	-0.67058825	1.0	0.0	-17	50
5289	1280	717	86	200	399	249	99	54	212	60	0	0	0	0	0	0	0	0	0	0	0	0	0	0	0	0	-1.0	-0.827451	1.0	0.0	-9	50
5322	1135	538	86	200	399	249	99	54	212	60	0	0	0	0	0	0	0	0	0	0	0	0	0	0	0	0	-1.0	-1.0	1.0	-0.4823529	0	74
5355	653	525	86	200	399	249	99	54	212	60	0	0	0	0	0	0	0	0	0	0	0	0	0	0	0	0	-0.8352941	-1.0	1.0	-1.0	8	100
5389	728	0	86	200	399	249	99	54	212	60	0	0	0	0	0	0	0	0	0	0	0	0	0	0	0	0	-0.56078434	-0.36470586	0.9607843	-1.0	-10	98
5422	577	0	86	200	399	249	99	54	212	60	0	0	0	0	0	0	0	0	0	0	0	0	0	0	0	0	-0.4588235	0.105882406	0.9607843	-1.0	-29	98
5454	493	230	86	200	399	249	99	54	212	60	0	0	0	0	0	0	0	0	0	0	0	0	0	0	0	0	-0.41960782	0.27843142	0.92156863	-1.0	-35	96
5488	606	651	86	200	399	249	99	54	212	60	0	0	0	0	0	0	0	0	0	0	0	0	0	0	0	0	-0.372549	0.2941177	0.62352943	-1.0	-34	81
5521	625	0	86	200	399	249	99	54	212	60	0	0	0	0	0	0	0	0	0	0	0	0	0	0	0	0	-0.27058822	0.19215691	0.17647064	-0.5137255	-24	34
5555	424	174	86	200	399	249	99	54	212	60	0	0	0	0	0	0	0	0	0	0	0	0	0	0	0	0	-0.1607843	0.0	0.0	0.0	-9	0
5588	905	48	86	200	399	249	99	54	212	60	0	0	0	0	0	0	0	0	0	0	0	0	0	0	0	0	-0.11372548	0.0	0.0	0.0	-6	0
5721	465	43	86	200	399	249	99	54	212	60	0	0	0	0	0	0	0	0	0	0	0	0	0	0	0	0	-0.19999999	0.0	0.0	0.0	-10	0
5754	474	91	86	200	399	249	99	54	212	60	0	0	0	0	0	0	0	0	0	0	0	0	0	0	0	0	-0.77254903	-0.3098039	0.0	0.0	-24	0
5787	622	270	86	200	399	249	99	54	212	60	0	0	0	0	0	0	0	0	0	0	0	0	0	0	0	0	-1.0	-0.3960784	0.0	0.0	-31	0
5826	1152	271	86	200	399	249	99	54	212	60	0	0	0	0	0	0	0	0	0	0	0	0	0	0	0	0	-1.0	-0.3960784	0.0	0.0	-31	0
5859	321	241	86	200	399	249	99	54	212	60	0	0	0	0	0	0	0	0	0	0	0	0	0	0	0	0	-1.0	-0.3960784	0.0	0.0	-31	0
5892	0	338	86	200	399	249	99	54	212	60	0	0	0	0	0	0	0	0	0	0	0	0	0	0	0	0	-1.0	-0.3960784	0.0	0.0	-31	0
5920	319	304	86	200	399	249	99	54	212	60	0	0	0	0	0	0	0	0	0	0	0	0	0	0	0	0	-0.8352941	-0.3960784	0.0	0.0	-22	0
5956	1115	800	86	200	399	249	99	54	212	60	0	0	0	0	0	0	0	0	0	0	0	0	0	0	0	0	-0.30196077	-0.23921567	0.0	0.0	-4	0
5987	1144	0	86	200	399	249	99	54	212	60	0	0	0	0	0	0	0	0	0	0	0	0	0	0	0	0	-0.11372548	0.0	0.105882406	0.0	-6	5
6120	687	0	86	200	399	249	99	54	212	60	0	0	0	0	0	0	0	0	0	0	0	0	0	0	0	0	0.0	0.0	0.12156868	0.0	0	6
6153	107	800	86	200	399	249	99	54	212	60	0	0	0	0	0	0	0	0	0	0	0	0	0	0	0	0	-0.1607843	0.0	0.15294123	0.0	-9	7
6190	856	368	86	200	399	249	99	54	212	60	0	0	0	0	0	0	0	0	0	0	0	0	0	0	0	0	-0.5764706	-0.3490196	0.24705887	0.105882406	-12	7
6228	0	549	86	200	399	249	99	54	212	60	0	0	0	0	0	0	0	0	0	0	0	0	0	0	0	0	-1.0	-0.5686275	0.30196083	0.12156868	-22	9
6258	388	424	86	200	399	249	99	54	212	60	0	0	0	0	0	0	0	0	0	0	0	0	0	0	0	0	-1.0	-0.60784316	0.30196083	0.13725495	-20	8
6293	860	308	86	200	399	249	99	54	212	60	0	0	0	0	0	0	0	0	0	0	0	0	0	0	0	0	-0.6627451	-0.4352941	0.30196083	0.13725495	-12	8
6326	455	391	86	200	399	249	99	54	212	60	0	0	0	0	0	0	0	0	0	0	0	0	0	0	0	0	-0.11372548	0.0	0.27058828	0.13725495	-6	6
6422	703	0	86	200	399	249	99	54	212	60	0	0	0	0	0	0	0	0	0	0	0	0	0	0	0	0	0.0	0.0	0.12156868	0.0	0	6
6455	401	398	86	200	399	249	99	54	212	60	0	0	0	0	0	0	0	0	0	0	0	0	0	0	0	0	0.0	0.0	0.12156868	0.0	0	6
6492	831	230	86	200	399	249	99	54	212	60	0	0	0	0	0	0	0	0	0	0	0	0	0	0	0	0	0.0	0.0	0.12156868	0.0	0	6
6525	999	626	86	200	399	249	99	54	212	60	0	0	0	0	0	0	0	0	0	0	0	0	0	0	0	0	0.0	0.0	0.12156868	0.0	0	6
6558	1280	639	86	200	399	249	99	54	212	60	0	0	0	0	0	0	0	0	0	0	0	0	0	0	0	0	0.0	0.0	0.12156868	0.0	0	6
6592	257	722	86	200	399	249	99	54	212	60	0	0	0	0	0	0	0	0	0	0	0	0	0	0	0	0	0.0	0.0	0.12156868	0.0	0	6
6623	1280	665	86	200	399	249	99	54	212	60	0	0	0	0	0	0	0	0	0	0	0	0	0	0	0	0	0.0	0.0	0.12156868	0.0	0	6
6658	304	0	86	200	399	249	99	54	212	60	0	0	0	0	0	0	0	0	0	0	0	0	0	0	0	0	0.0	0.0	0.105882406	0.0	0	5
6687	501	583	86	200	399	249	99	54	212	60	0	0	0	0	0	0	0	0	0	0	0	0	0	0	0	0	0.0	0.0	0.105882406	0.0	0	5
6726	767	231	86	200	399	249	99	54	212	60	0	0	0	0	0	0	0	0	0	0	0	0	0	0	0	0	0.0	0.0	0.105882406	0.0	0	5
6759	760	626	86	200	399	249	99	54	212	60	0	0	0	0	0	0	0	0	0	0	0	0	0	0	0	0	0.0	0.0	0.105882406	0.0	0	5
6792	577	688	86	200	399	249	99	54	212	60	0	0	0	0	0	0	0	0	0	0	0	0	0	0	0	0	0.0	0.0	0.105882406	0.0	0	5
6823	1226	429	86	200	399	249	99	54	212	60	0	0	0	0	0	0	0	0	0	0	0	0	0	0	0	0	0.0	0.0	0.105882406	0.0	0	5
6858	1176	164	86	200	399	249	99	54	212	60	0	0	0	0	0	0	0	0	0	0	0	0	0	0	0	0	0.0	0.0	0.105882406	0.0	0	5
6892	120	195	86	200	399	249	99	54	212	60	0	0	0	0	0	0	0	0	0	0	0	0	0	0	0	0	0.0	0.0	0.105882406	0.0	0	5
6925	852	639	86	200	399	249	99	54	212	60	0	0	0	0	0	0	0	0	0	0	0	0	0	0	0	0	0.0	0.0	0.105882406	0.0	0	5
6958	450	431	86	200	399	249	99	54	212	60	0	0	0	0	0	0	0	0	0	0	0	0	0	0	0	0	0.0	0.0	0.105882406	0.0	0	5
6992	954	148	86	200	399	249	99	54	212	60	0	0	0	0	0	0	0	0	0	0	0	0	0	0	0	0	0.0	0.0	0.105882406	0.0	0	5
7025	748	800	86	200	399	249	99	54	212	60	0	0	0	0	0	0	0	0	0	0	0	0	0	0	0	0	0.0	0.0	0.105882406	0.0	0	5
7058	302	0	86	200	399	249	99	54	212	60	0	0	0	0	0	0	0	0	0	0	0	0	0	0	0	0	0.0	0.0	0.105882406	0.0	0	5
7092	1128	622	86	200	399	249	99	54	212	60	0	0	0	0	0	0	0	0	0	0	0	0	0	0	0	0	0.0	0.0	0.105882406	0.0	0	5
7125	854	725	86	200	399	249	99	54	212	60	0	0	0	0	0	0	0	0	0	0	0	0	0	0	0	0	0.0	0.0	0.105882406	0.0	0	5
7158	501	436	901	54	55	289	99	54	212	60	0	0	0	0	0	0	1	0	0	0	0	0	0	0	0	0	0.0	0.0	0.105882406	0.0	0	5
7191	615	319	496	775	221	253	124	69	56	60	0	0	0	0	0	0	1	0	0	0	0	0	0	0	0	0	0.0	0.0	0.105882406	0.0	0	5
7221	245	0	941	863	301	75	16	35	118	60	0	0	0	0	0	0	1	0	0	0	0	0	0	0	0	0	0.0	0.0	0.105882406	0.0	0	5
7254	688	511	556	893	43	2	235	138	250	60	0	0	0	0	0	0	1	0	0	0	0	0	0	0	0	0	0.0	0.0	0.105882406	0.0	0	5
7291	578	400	556	893	43	2	16	92	103	60	0	0	0	0	0	0	0	0	0	0	0	0	0	0	0	0	0.0	0.0	0.105882406	0.0	0	5
7324	610	398	556	893	43	2	16	92	103	60	0	0	0	0	0	0	0	0	0	0	0	0	0	0	0	0	0.0	0.0	0.105882406	0.0	0	5
7354	624	402	556	893	43	2	16	92	103	60	0	0	0	0	0	0	0	0	0	0	0	0	0	0	0	0	0.0	0.0	0.105882406	0.0	0	5
7391	637	399	556	893	43	2	16	92	103	60	0	0	0	0	0	0	0	0	0	0	0	0	0	0	0	0	0.0	0.0	0.105882406	0.0	0	5
7421	672	399	556	893	43	2	16	92	103	60	0	0	0	0	0	0	0	0	0	0	0	0	0	0	0	0	0.0	0.0	0.105882406	0.0	0	5
7456	650	400	556	893	43	2	16	92	103	60	0	0	0	0	0	0	0	0	0	0	0	0	0	0	0	0	0.0	0.0	0.105882406	0.0	0	5
7487	613	401	556	893	43	2	16	92	103	60	0	0	0	0	0	0	0	0	0	0	0	0	0	0	0	0	0.0	0.0	0.105882406	0.0	0	5
7523	683	402	556	893	43	2	16	92	103	60	0	0	0	0	0	0	0	0	0	0	0	0	0	0	0	0	0.0	0.0	0.105882406	0.0	0	5
7555	630	403	556	893	43	2	16	92	103	60	0	0	0	0	0	0	0	0	0	0	0	0	0	0	0	0	0.0	0.0	0.105882406	0.0	0	5
7589	669	396	556	893	43	2	16	92	103	60	0	0	0	0	0	0	0	0	0	0	0	0	0	0	0	0	0.0	0.0	0.105882406	0.0	0	5
7623	663	401	556	893	43	2	16	92	103	60	0	0	0	0	0	0	0	0	0	0	0	0	0	0	0	0	0.0	0.0	0.105882406	0.0	0	5
7990	645	401	556	893	43	2	16	92	103	60	0	0	0	0	0	0	0	0	0	0	0	0	0	0	0	0	0.20784318	-0.10588235	0.0	0.0	15	0
8026	644	398	556	893	43	2	16	92	103	60	0	0	0	0	0	0	0	0	0	0	0	0	0	0	0	0	0.39607847	-0.29411763	0.0	0.0	34	0
8056	638	398	556	893	43	2	16	92	103	60	0	0	0	0	0	0	0	0	0	0	0	0	0	0	0	0	0.41960788	-0.58431375	0.0	0.0	50	0
8089	635	400	556	893	43	2	16	92	103	60	0	0	0	0	0	0	0	0	0	0	0	0	0	0	0	0	0.41960788	-0.58431375	0.0	0.0	50	0
8125	595	398	556	893	43	2	16	92	103	60	0	0	0	0	0	0	0	0	0	0	0	0	0	0	0	0	0.34901965	-0.60784316	0.0	0.0	47	0
8156	648	399	556	893	43	2	16	92	103	60	0	0	0	0	0	0	0	0	0	0	0	0	0	0	0	0	0.19215691	-0.52156866	0.0	0.0	35	0
8189	609	399	556	893	43	2	16	92	103	60	0	0	0	0	0	0	0	0	0	0	0	0	0	0	0	0	0.12156868	-0.32549018	0.0	0.0	22	0
8222	645	400	556	893	43	2	16	92	103	60	0	0	0	0	0	0	0	0	0	0	0	0	0	0	0	0	0.105882406	0.0	0.0	0.0	5	0
8854	614	395	556	893	43	2	16	92	103	60	0	0	0	0	0	0	0	0	0	0	0	0	0	0	0	0	0.30980396	-0.20784312	0.0	0.0	25	0
8892	621	395	556	893	43	2	16	92	103	60	0	0	0	0	0	0	0	0	0	0	0	0	0	0	0	0	0.4666667	-0.20784312	0.105882406	0.0	33	5
8921	658	402	556	893	43	2	16	92	103	60	0	0	0	0	0	0	0	0	0	0	0	0	0	0	0	0	0.43529415	-0.20784312	0.105882406	0.0	32	5
8954	563	401	556	893	43	2	16	92	103	60	0	0	0	0	0	0	0	0	0	0	0	0	0	0	0	0	0.43529415	-0.20784312	0.105882406	0.0	32	5
8990	580	403	556	893	43	2	16	92	103	60	0	0	0	0	0	0	0	0	0	0	0	0	0	0	0	0	0.16078436	-0.20784312	0.105882406	0.0	18	5
9020	666	400	556	893	43	2	16	92	103	60	0	0	0	0	0	0	0	0	0	0	0	0	0	0	0	0	0.0	0.0	0.105882406	0.0	0	5
9059	709	399	556	893	43	2	16	92	103	60	0	0	0	0	0	0	0	0	0	0	0	0	0	0	0	0	0.0	0.0	0.105882406	0.0	0	5
9092	611	400	556	893	43	2	16	92	103	60	0	0	0	0	0	0	0	0	0	0	0	0	0	0	0	0	0.0	0.0	0.105882406	0.0	0	5
9120	706	401	556	893	43	2	16	92	103	60	0	0	0	0	0	0	0	0	0	0	0	0	0	0	0	0	0.0	0.0	0.105882406	0.0	0	5
9159	618	401	556	893	43	2	16	92	103	60	0	0	0	0	0	0	0	0	0	0	0	0	0	0	0	0	0.0	0.0	0.105882406	0.0	0	5
9188	586	398	556	893	43	2	16	92	103	60	0	0	0	0	0	0	0	0	0	0	0	0	0	0	0	0	0.0	0.0	0.105882406	0.0	0	5
9225	591	398	556	893	43	2	16	92	103	60	0	0	0	0	0	0	0	0	0	0	0	0	0	0	0	0	0.0	0.0	0.105882406	0.0	0	5
9257	611	399	556	893	43	2	16	92	103	60	0	0	0	0	0	0	0	0	0	0	0	0	0	0	0	0	0.0	0.0	0.105882406	0.0	0	5
9290	642	399	556	893	43	2	16	92	103	60	0	0	0	0	0	0	0	0	0	0	0	0	0	0	0	0	0.0	0.0	0.105882406	0.0	0	5
9322	684	403	556	893	43	2	16	92	103	60	0	0	0	0	0	0	0	0	0	0	0	0	0	0	0	0	0.0	0.0	0.105882406	0.0	0	5
9355	654	400	556	893	43	2	16	92	103	60	0	0	0	0	0	0	0	0	0	0	0	0	0	0	0	0	0.0	0.0	0.105882406	0.0	0	5
9388	642	397	556	893	43	2	16	92	103	60	0	0	0	0	0	0	0	0	0	0	0	0	0	0	0	0	0.0	0.0	0.105882406	0.0	0	5
9425	652	401	556	893	43	2	16	92	103	60	0	0	0	0	0	0	0	0	0	0	0	0	0	0	0	0	0.0	0.0	0.105882406	0.0	0	5
9458	624	399	556	893	43	2	16	92	103	60	0	0	0	0	0	0	0	0	0	0	0	0	0	0	0	0	0.0	0.0	0.105882406	0.0	0	5
9489	647	401	556	893	43	2	16	92	103	60	0	0	0	0	0	0	0	0	0	0	0	0	0	0	0	0	0.0	0.0	0.105882406	0.0	0	5
9521	614	403	556	893	43	2	16	92	103	60	0	0	0	0	0	0	0	0	0	0	0	0	0	0	0	0	0.0	0.0	0.105882406	0.0	0	5
9559	609	398	556	893	43	2	16	92	103	60	0	0	0	0	0	0	0	0	0	0	0	0	0	0	0	0	0.0	0.0	0.105882406	0.0	0	5
9587	670	400	556	893	43	2	16	92	103	60	0	0	0	0	0	0	0	0	0	0	0	0	0	0	0	0	0.0	0.0	0.105882406	0.0	0	5
9622	658	396	556	893	43	2	16	92	103	60	0	0	0	0	0	0	0	0	0	0	0	0	0	0	0	0	0.0	0.0	0.105882406	0.0	0	5
9659	679	399	556	893	43	2	16	92	103	60	0	0	0	0	0	0	0	0	0	0	0	0	0	0	0	0	0.0	0.0	0.105882406	0.0	0	5
9687	594	401	556	893	43	2	16	92	103	60	0	0	0	0	0	0	0	0	0	0	0	0	0	0	0	0	0.0	0.0	0.105882406	0.0	0	5
9725	614	399	556	893	43	2	16	92	103	60	0	0	0	0	0	0	0	0	0	0	0	0	0	0	0	0	0.0	0.0	0.105882406	0.0	0	5
9755	688	400	556	893	43	2	16	92	103	60	0	0	0	0	0	0	0	0	0	0	0	0	0	0	0	0	0.0	0.0	0.105882406	0.0	0	5
9787	641	401	556	893	43	2	16	92	103	60	0	0	0	0	0	0	0	0	0	0	0	0	0	0	0	0	0.0	0.0	0.105882406	0.0	0	5
9826	621	399	556	893	43	2	16	92	103	60	0	0	0	0	0	0	0	0	0	0	0	0	0	0	0	0	0.0	0.0	0.105882406	0.0	0	5
9853	640	398	556	893	43	2	16	92	103	60	0	0	0	0	0	0	0	0	0	0	0	0	0	0	0	0	0.0	0.0	0.105882406	0.0	0	5
9888	610	394	556	893	43	2	16	92	103	60	0	0	0	0	0	0	0	0	0	0	0	0	0	0	0	0	0.0	0.0	0.105882406	0.0	0	5
9923	568	400	556	893	43	2	16	92	103	60	0	0	0	0	0	0	0	0	0	0	0	0	0	0	0	0	0.0	0.0	0.105882406	0.0	0	5
9955	668	398	556	893	43	2	16	92	103	60	0	0	0	0	0	0	0	0	0	0	0	0	0	0	0	0	0.0	0.0	0.105882406	0.0	0	5
9988	652	397	556	893	43	2	16	92	103	60	0	0	0	0	0	0	0	0	0	0	0	0	0	0	0	0	0.0	0.0	0.105882406	0.0	0	5
10021	630	401	556	893	43	2	16	92	103	60	0	0	0	0	0	0	0	0	0	0	0	0	0	0	0	0	0.0	0.0	0.105882406	0.0	0	5
10054	641	402	556	893	43	2	16	92	103	60	0	0	0	0	0	0	0	0	0	0	0	0	0	0	0	0	0.0	0.0	0.105882406	0.0	0	5
10087	613	400	556	893	43	2	16	92	103	60	0	0	0	0	0	0	0	0	0	0	0	0	0	0	0	0	0.0	0.0	0.105882406	0.0	0	5
10121	648	403	526	893	43	2	16	92	103	60	0	0	0	0	0	1	0	0	0	0	0	0	0	0	0	1	0.0	0.0	0.105882406	0.0	0	5
10158	611	399	496	893	43	2	16	92	103	60	0	0	0	0	0	1	0	0	0	0	0	0	0	0	0	1	0.0	0.0	0.105882406	0.0	0	5
10188	712	400	466	893	43	2	16	92	103	60	0	0	0	0	0	1	0	0	0	0	0	0	0	0	0	1	0.0	0.0	0.105882406	0.0	0	5
10221	621	402	436	893	43	2	16	92	103	60	0	0	0	0	0	1	0	0	0	0	0	0	0	0	0	1	0.0	0.0	0.105882406	0.0	0	5
10254	676	400	406	893	43	2	16	92	103	60	0	0	0	0	0	1	0	0	0	0	0	0	0	0	0	1	0.0	0.0	0.105882406	0.0	0	5
10292	668	398	376	923	43	2	16	92	103	60	0	0	0	0	0	1	0	0	0	0	0	0	1	0	0	1	0.0	0.0	0.105882406	0.0	0	5
10326	654	399	346	953	43	2	16	92	103	60	0	0	0	0	0	1	0	0	0	0	0	0	1	0	0	1	0.0	0.0	0.105882406	0.0	0	5
10354	672	399	316	983	43	2	16	92	103	60	0	0	0	0	0	1	0	0	0	0	0	0	1	0	0	1	0.0	0.0	0.105882406	0.0	0	5
10390	612	403	286	999	43	2	16	92	103	60	0	0	0	0	0	1	0	0	0	0	0	0	1	0	0	1	0.0	0.0	0.105882406	0.0	0	5
10420	573	401	256	999	43	2	16	92	103	60	0	0	0	0	0	1	0	0	0	0	0	0	1	0	0	1	0.0	0.0	0.105882406	0.0	0	5
10454	640	399	226	999	43	2	16	92	103	60	0	0	0	0	0	1	0	0	0	0	0	0	1	0	0	1	0.0	0.0	0.105882406	0.0	0	5
10487	597	399	196	999	43	2	16	92	103	60	0	0	0	0	0	1	0	0	0	0	0	0	1	0	0	1	0.0	0.0	0.105882406	0.0	0	5
10525	676	395	166	999	43	2	16	92	103	60	0	0	0	0	0	1	0	0	0	0	0	0	1	0	0	1	0.0	0.0	0.105882406	0.0	0	5
10559	679	401	136	999	43	2	16	92	103	60	0	0	0	0	0	1	0	0	0	0	0	0	1	0	0	1	0.0	0.0	0.105882406	0.0	0	5
10592	649	401	106	999	43	2	16	92	103	60	0	0	0	0	0	1	0	0	0	0	0	0	1	0	0	1	0.0	0.0	0.105882406	0.0	0	5
10625	553	401	76	999	43	2	16	92	103	60	0	0	0	0	0	1	0	0	0	0	0	0	1	0	0	1	0.0	0.0	0.105882406	0.0	0	5
10659	608	402	46	999	43	2	16	92	103	60	0	0	0	0	0	1	0	0	0	0	0	0	1	0	0	1	0.0	0.0	0.105882406	0.0	0	5
10692	612	397	16	999	43	2	16	92	103	60	0	0	0	0	0	1	0	0	0	0	0	0	1	0	0	1	0.0	0.0	0.105882406	0.0	0	5
10725	615	398	1	999	43	2	16	92	103	60	0	0	0	0	0	1	0	0	0	0	0	0	1	0	0	1	0.0	0.0	0.105882406	0.0	0	5
10759	566	398	1	999	43	2	16	92	103	60	0	0	0	0	0	1	0	0	0	0	0	0	1	0	0	1	0.0	0.0	0.105882406	0.0	0	5
10787	729	400	1	999	43	2	16	92	103	60	0	0	0	0	0	1	0	0	0	0	0	0	1	0	0	1	0.0	0.0	0.105882406	0.0	0	5
10825	627	402	1	999	43	2	16	92	103	60	0	0	0	0	0	1	0	0	0	0	0	0	1	0	0	1	0.0	0.0	0.105882406	0.0	0	5
10859	644	400	1	999	43	2	16	92	103	60	0	0	0	0	0	1	0	0	0	0	0	0	1	0	0	1	0.0	0.0	0.105882406	0.0	0	5
10892	633	395	1	999	43	2	16	92	103	60	0	0	0	0	0	1	0	0	0	0	0	0	1	0	0	1	0.0	0.0	0.105882406	0.0	0	5
10925	577	400	1	999	43	2	16	92	103	60	0	0	0	0	0	1	0	0	0	0	0	0	1	0	0	1	0.0	0.0	0.105882406	0.0	0	5
10958	691	399	1	999	43	2	16	92	103	60	0	0	0	0	0	1	0	0	0	0	0	0	1	0	0	1	0.0	0.0	0.105882406	0.0	0	5
10992	622	399	1	999	43	2	16	92	103	60	0	0	0	0	0	1	0	0	0	0	0	0	1	0	0	1	0.0	0.0	0.105882406	0.0	0	5
11025	660	397	1	999	43	2	16	92	103	60	0	0	0	0	0	1	0	0	0	0	0	0	1	0	0	1	0.0	0.0	0.105882406	0.0	0	5
11058	677	396	1	999	43	2	16	92	103	60	0	0	0	0	0	1	0	0	0	0	0	0	1	0	0	1	0.0	0.0	0.105882406	0.0	0	5
11091	693	399	1	999	43	2	16	92	103	60	0	0	0	0	0	1	0	0	0	0	0	0	0	0	0	1	0.0	0.0	0.105882406	0.0	0	5
11124	709	400	1	999	43	2	16	92	103	60	0	0	0	0	0	0	0	0	0	0	0	0	0	0	0	0	0.0	0.0	0.105882406	0.0	0	5
11158	700	398	1	999	43	2	16	92	103	60	0	0	0	0	0	0	0	0	0	0	0	0	0	0	0	0	0.0	0.0	0.105882406	0.0	0	5
11191	767	397	1	999	43	2	16	92	103	60	0	0	0	0	0	0	0	0	0	0	0	0	0	0	0	0	0.0	0.0	0.105882406	0.0	0	5
11224	622	399	1	999	43	2	16	92	103	60	0	0	0	0	0	0	0	0	0	0	0	0	0	0	0	0	0.0	0.0	0.105882406	0.0	0	5
11258	712	401	1	999	43	2	16	92	103	60	0	0	0	0	0	0	0	0	0	0	0	0	0	0	0	0	0.0	0.0	0.105882406	0.0	0	5
11291	679	400	1	999	43	2	16	92	103	60	0	0	0	0	0	0	0	0	0	0	0	0	0	0	0	0	0.0	0.0	0.105882406	0.0	0	5
11324	613	399	1	999	43	2	16	92	103	60	0	0	0	0	0	0	0	0	0	0	0	0	0	0	0	0	0.0	0.0	0.105882406	0.0	0	5
11357	634	403	1	999	43	2	16	92	103	60	0	0	0	0	0	0	0	0	0	0	0	0	0	0	0	0	0.0	0.0	0.105882406	0.0	0	5
11391	641	399	1	999	43	2	16	92	103	60	0	0	0	0	0	0	0	0	0	0	0	0	0	0	0	0	0.0	0.0	0.105882406	0.0	0	5
11424	685	398	1	999	43	2	16	92	103	60	0	0	0	0	0	0	0	0	0	0	0	0	0	0	0	0	0.0	0.0	0.105882406	0.0	0	5
11459	632	400	1	999	43	2	16	92	103	60	0	0	0	0	0	0	0	0	0	0	0	0	0	0	0	0	0.0	0.0	0.105882406	0.0	0	5
11490	615	400	1	999	43	2	16	92	103	60	0	0	0	0	0	0	0	0	0	0	0	0	0	0	0	0	0.0	0.0	0.105882406	0.0	0	5
11524	660	397	1	999	43	2	16	92	103	60	0	0	0	0	0	0	0	0	0	0	0	0	0	0	0	0	0.0	0.0	0.105882406	0.0	0	5
11557	720	400	1	999	43	2	16	92	103	60	0	0	0	0	0	0	0	0	0	0	0	0	0	0	0	0	0.0	0.0	0.105882406	0.0	0	5
11590	626	394	1	999	43	2	16	92	103	60	0	0	0	0	0	0	0	0	0	0	0	0	0	0	0	0	0.0	0.0	0.105882406	0.0	0	5
11623	601	399	1	999	43	2	16	92	103	60	0	0	0	0	0	0	0	0	0	0	0	0	0	0	0	0	0.0	0.0	0.105882406	0.0	0	5
11657	578	399	1	999	43	2	16	92	103	60	0	0	0	0	0	0	0	0	0	0	0	0	0	0	0	0	0.0	0.0	0.105882406	0.0	0	5
11690	727	395	1	999	43	2	16	92	103	60	0	0	0	0	0	0	0	0	0	0	0	0	0	0	0	0	0.0	0.0	0.105882406	0.0	0	5
11723	733	400	1	999	43	2	16	92	103	60	0	0	0	0	0	0	0	0	0	0	0	0	0	0	0	0	0.0	0.0	0.105882406	0.0	0	5
11756	655	402	1	999	43	2	16	92	103	60	0	0	0	0	0	0	0	0	0	0	0	0	0	0	0	0	0.0	0.0	0.105882406	0.0	0	5
11790	654	399	1	999	43	2	16	92	103	60	0	0	0	0	0	0	0	0	0	0	0	0	0	0	0	0	0.0	0.0	0.105882406	0.0	0	5
11823	651	400	1	999	43	2	16	92	103	60	0	0	0	0	0	0	0	0	0	0	0	0	0	0	0	0	0.0	0.0	0.105882406	0.0	0	5
11856	681	398	1	999	43	2	16	92	103	60	0	0	0	0	0	0	0	0	0	0	0	0	0	0	0	0	0.0	0.0	0.105882406	0.0	0	5
11889	609	400	1	999	43	2	16	92	103	60	0	0	0	0	0	0	0	0	0	0	0	0	0	0	0	0	0.0	0.0	0.105882406	0.0	0	5
11923	562	401	1	999	43	2	16	92	103	60	0	0	0	0	0	0	0	0	0	0	0	0	0	0	0	0	0.0	0.0	0.105882406	0.0	0	5
11956	721	399	1	999	43	2	16	92	103	60	0	0	0	0	0	0	0	0	0	0	0	0	0	0	0	0	0.0	0.0	0.105882406	0.0	0	5
11989	633	397	1	999	43	2	16	92	103	60	0	0	0	0	0	0	0	0	0	0	0	0	0	0	0	0	0.0	0.0	0.105882406	0.0	0	5
12022	748	400	1	999	43	2	16	92	103	60	0	0	0	0	0	0	0	0	0	0	0	0	0	0	0	0	0.0	0.0	0.105882406	0.0	0	5
12056	595	401	1	999	43	2	16	92	103	60	0	0	0	0	0	0	0	0	0	0	0	0	0	0	0	0	0.0	0.0	0.105882406	0.0	0	5
12089	610	400	1	999	43	2	16	92	103	60	0	0	0	0	0	0	0	0	0	0	0	0	0	0	0	0	0.0	0.0	0.105882406	0.0	0	5
12122	702	397	1	999	43	2	16	92	103	60	0	0	0	0	0	0	0	0	0	0	0	0	0	0	0	0	0.0	0.0	0.105882406	0.0	0	5
12155	713	400	1	999	43	2	16	92	103	60	0	0	0	0	0	0	0	0	0	0	0	0	0	0	0	0	0.0	0.0	0.105882406	0.0	0	5
12189	641	400	1	999	43	2	16	92	103	60	0	0	0	0	0	0	0	0	0	0	0	0	0	0	0	0	0.0	0.0	0.105882406	0.0	0	5
12222	614	401	1	999	43	2	16	92	103	60	0	0	0	0	0	0	0	0	0	1	0	0	0	0	0	0	0.0	0.0	0.105882406	0.0	0	5
12255	653	401	1	999	43	2	16	92	103	60	0	0	0	0	0	0	0	0	0	1	0	0	0	0	0	0	0.0	0.0	0.105882406	0.0	0	5
12288	676	399	1	999	43	2	16	92	103	60	0	0	0	0	0	0	0	0	0	1	0	0	0	0	0	1	0.0	0.0	0.105882406	0.0	0	5
12325	664	401	1	999	43	2	16	92	103	60	0	0	0	0	0	0	0	0	0	1	0	0	0	0	0	1	0.0	0.0	0.105882406	0.0	0	5
12355	748	400	1	999	43	2	16	92	103	60	0	0	0	0	0	0	0	0	0	1	0	0	0	0	0	1	0.0	0.0	0.105882406	0.0	0	5
12392	689	399	1	999	43	2	16	92	103	60	0	0	0	0	0	0	0	0	0	1	0	0	0	0	0	1	0.0	0.0	0.105882406	0.0	0	5
12421	804	399	1	999	43	2	16	92	103	60	0	0	0	0	0	0	0	0	0	1	0	0	0	0	0	1	0.0	0.0	0.105882406	0.0	0	5
12455	905	397	1	999	43	2	16	92	103	60	0	0	0	0	0	0	0	0	0	1	0	0	0	0	0	1	0.0	0.0	0.105882406	0.0	0	5
12488	885	399	1	999	43	2	16	92	103	60	0	0	0	0	0	0	0	0	0	1	0	0	0	0	0	1	0.0	0.0	0.105882406	0.0	0	5
12521	811	400	1	999	43	2	16	92	103	60	0	0	0	0	0	0	0	0	0	1	0	0	0	0	0	1	0.0	0.0	0.105882406	0.0	0	5
12554	797	402	1	999	43	2	16	92	103	60	0	0	0	0	0	0	0	0	0	1	0	0	0	0	0	1	0.0	0.0	0.105882406	0.0	0	5
12588	841	402	1	999	43	2	16	92	103	60	0	0	0	0	0	0	0	0	0	1	0	0	0	0	0	1	0.0	0.0	0.105882406	0.0	0	5
12621	919	400	1	999	43	2	16	92	103	60	0	0	0	0	0	0	0	0	0	1	0	0	0	0	0	1	0.0	0.0	0.105882406	0.0	0	5
12654	988	399	1	999	43	2	16	92	103	60	0	0	0	0	0	0	0	0	0	1	0	0	0	0	0	1	0.0	0.0	0.105882406	0.0	0	5
12687	984	398	1	999	43	2	16	92	103	60	0	0	0	0	0	0	0	0	0	1	0	0	0	0	0	1	0.0	0.0	0.105882406	0.0	0	5
12721	1113	396	1	999	43	2	16	92	103	60	0	0	0	0	0	0	0	0	0	1	0	0	0	0	0	1	0.0	0.0	0.105882406	0.0	0	5
12758	1021	398	1	999	43	2	16	92	103	60	0	0	0	0	0	0	0	0	0	1	0	0	0	0	0	1	0.0	0.0	0.105882406	0.0	0	5
12792	1051	404	1	999	43	2	16	92	103	60	0	0	0	0	0	0	0	0	0	1	0	0	0	0	0	0	0.0	0.0	0.105882406	0.0	0	5
12825	1098	396	1	999	43	2	16	92	103	60	0	0	0	0	0	0	0	0	0	0	0	0	0	0	0	0	0.0	0.0	0.105882406	0.0	0	5
12854	1031	398	1	999	43	2	16	92	103	60	0	0	0	0	0	0	0	0	0	0	0	0	0	0	0	0	0.0	0.0	0.105882406	0.0	0	5
12887	1033	399	1	999	43	2	16	92	103	60	0	0	0	0	0	0	0	0	0	0	0	0	0	0	0	0	0.0	0.0	0.105882406	0.0	0	5
12926	1074	399	1	999	43	2	16	92	103	60	0	0	0	0	0	0	0	0	0	0	0	0	0	0	0	0	0.0	0.0	0.105882406	0.0	0	5
12956	1173	400	1	999	43	2	16	92	103	60	0	0	0	0	0	0	0	0	0	0	0	0	0	0	0	0	0.0	0.0	0.105882406	0.0	0	5
12987	1037	401	1	999	43	2	16	92	103	60	0	0	0	0	0	0	0	0	0	0	0	0	0	0	0	0	0.0	0.0	0.105882406	0.0	0	5
13025	1053	402	1	999	43	2	16	92	103	60	0	0	0	0	0	0	0	0	0	0	0	0	0	0	0	0	0.0	0.0	0.105882406	0.0	0	5
13059	1121	401	1	999	43	2	16	92	103	60	0	0	0	0	0	0	0	0	0	0	0	0	0	0	0	0	0.0	0.0	0.105882406	0.0	0	5
13092	1070	396	1	999	43	2	16	92	103	60	0	0	0	0	0	0	0	0	0	0	0	0	0	0	0	0	0.0	0.0	0.105882406	0.0	0	5
13125	1082	397	1	999	43	2	16	92	103	60	0	0	0	0	0	0	0	0	0	0	0	0	0	0	0	0	0.0	0.0	0.105882406	0.0	0	5
13158	1124	398	1	999	43	2	16	92	103	60	0	0	0	0	0	0	0	0	0	0	0	0	0	0	0	0	0.0	0.0	0.105882406	0.0	0	5
13190	1139	402	1	999	43	2	16	92	103	60	0	0	0	0	0	0	0	0	0	0	0	0	0	0	0	0	0.0	-0.26274508	0.105882406	0.0	13	5
13222	1120	398	1	999	43	2	16	92	103	60	0	0	0	0	0	0	0	0	0	0	0	0	0	0	0	0	0.24705887	-0.9843137	0.105882406	0.0	61	5
13254	1142	399	1	999	43	2	16	92	103	60	0	0	0	0	0	0	0	0	0	0	0	0	0	0	0	0	0.69411767	-1.0	0.105882406	0.0	84	5
13292	1044	396	1	999	43	2	16	92	103	60	0	0	0	0	0	0	0	0	0	0	0	0	0	0	0	0	0.7647059	-1.0	0.105882406	0.0	88	5
13326	1039	402	1	999	43	2	16	92	103	60	0	0	0	0	0	0	0	0	0	0	0	0	0	0	0	0	0.7647059	-1.0	0.105882406	0.0	88	5
13358	1113	403	1	999	43	2	16	92	103	60	0	0	0	0	0	0	0	0	0	0	0	0	0	0	0	0	1.0	-1.0	0.105882406	0.0	100	5
13392	1056	400	1	999	43	2	16	92	103	60	0	0	0	0	0	0	0	0	0	0	0	0	0	0	0	0	1.0	-1.0	0.105882406	0.0	100	5
13423	1089	401	1	999	43	2	16	92	103	60	0	0	0	0	0	0	0	0	0	0	0	0	0	0	0	0	1.0	-1.0	0.105882406	0.0	100	5
13458	1117	401	1	999	43	2	16	92	103	60	0	0	0	0	0	0	0	0	0	0	0	0	0	0	0	0	1.0	-1.0	0.105882406	0.0	100	5
13491	1017	398	1	999	43	2	16	92	103	60	0	0	0	0	0	0	0	0	0	0	0	0	0	0	0	0	1.0	-1.0	0.105882406	0.0	100	5
13524	1068	397	1	999	43	2	16	92	103	60	0	0	0	0	0	0	0	0	0	0	0	0	0	0	0	0	1.0	-1.0	0.105882406	0.0	100	5
13559	1066	398	1	999	43	2	16	92	103	60	0	0	0	0	0	0	0	0	0	0	0	0	0	0	0	0	1.0	-1.0	0.105882406	0.0	100	5
13592	1051	399	1	999	43	2	16	92	103	60	0	0	0	0	0	0	0	0	0	0	0	0	0	0	0	0	1.0	-1.0	0.105882406	0.0	100	5
13625	1013	398	1	999	43	2	16	92	103	60	0	0	0	0	0	0	0	0	0	0	0	0	0	0	0	0	1.0	-1.0	0.105882406	0.0	100	5
13659	1148	400	1	999	43	2	16	92	103	60	0	0	0	0	0	0	0	0	0	0	0	0	0	0	0	0	1.0	-1.0	0.105882406	0.0	100	5
13692	1055	402	1	999	43	2	16	92	103	60	0	0	0	0	0	0	0	0	0	0	0	0	0	0	0	0	1.0	-1.0	0.105882406	0.0	100	5
13722	1062	399	1	999	43	2	16	92	103	60	0	0	0	0	0	0	0	0	0	0	0	0	0	0	0	0	1.0	-1.0	0.105882406	0.0	100	5
13758	1125	403	1	999	43	2	16	92	103	60	0	0	0	0	0	0	0	0	0	0	0	0	0	0	0	0	1.0	-1.0	0.105882406	0.0	100	5
13792	1033	400	1	999	43	2	16	92	103	60	0	0	0	0	0	0	0	0	0	0	0	0	0	0	0	0	1.0	-1.0	0.105882406	0.0	100	5
13825	997	398	1	999	43	2	16	92	103	60	0	0	0	0	0	0	0	0	0	0	0	0	0	0	0	0	1.0	-1.0	0.105882406	0.0	100	5
13859	1081	402	1	999	43	2	16	92	103	60	0	0	0	0	0	0	0	0	0	0	0	0	0	0	0	0	1.0	-1.0	0.105882406	0.0	100	5
13888	1116	397	1	999	43	2	16	92	103	60	0	0	0	0	0	0	0	0	0	0	0	0	0	0	0	0	1.0	-1.0	0.105882406	0.0	100	5
13927	1092	398	1	999	43	2	16	92	103	60	0	0	0	0	0	0	0	0	0	0	0	0	0	0	0	0	1.0	-1.0	0.105882406	0.0	100	5
13954	1047	403	1	999	43	2	16	92	103	60	0	0	0	0	0	0	0	0	0	0	0	0	0	0	0	0	1.0	-1.0	0.0	0.0	100	0
13988	1079	398	1	999	43	2	16	92	103	60	0	0	0	0	0	0	0	0	0	0	0	0	0	0	0	0	1.0	-1.0	-0.26274508	-0.19999999	100	-4
14022	1156	400	1	999	43	2	16	92	103	60	0	0	0	0	0	0	0	0	0	0	0	0	0	0	0	0	1.0	-1.0	-1.0	-1.0	100	0
14056	1142	401	1	999	43	2	16	92	103	60	0	0	0	0	0	0	0	0	0	0	0	0	0	0	0	0	1.0	-1.0	-1.0	-1.0	100	0
14090	1108	398	1	999	43	2	16	92	103	60	0	0	0	0	0	0	0	0	0	0	0	0	0	0	0	0	1.0	-1.0	-1.0	-1.0	100	0
14124	1094	398	1	999	43	2	16	92	103	60	0	0	0	0	0	0	0	0	0	0	0	0	0	0	0	0	1.0	-1.0	-1.0	-1.0	100	0
14157	1093	399	1	999	43	2	16	92	103	60	0	0	0	0	0	0	0	0	0	0	0	0	0	0	0	0	1.0	-1.0	-1.0	-1.0	100	0
14191	1103	399	1	999	43	2	16	92	103	60	0	0	0	0	0	0	0	0	0	0	0	0	0	0	0	0	1.0	-1.0	-1.0	-1.0	100	0
14221	1054	396	1	999	43	2	16	92	103	60	0	0	0	0	0	0	0	0	0	0	0	0	0	0	0	0	1.0	-1.0	-1.0	-1.0	100	0
14254	1084	399	1	999	43	2	16	92	103	60	0	0	0	0	0	0	0	0	0	0	0	0	0	0	0	0	1.0	-1.0	-1.0	-1.0	100	0
14291	1010	399	1	999	43	2	16	92	103	60	0	0	0	0	0	0	0	0	0	0	0	0	0	0	0	0	1.0	-1.0	-1.0	-1.0	100	0
14324	1098	398	1	999	43	2	16	92	103	60	0	0	0	0	0	0	0	0	0	0	0	0	0	0	0	0	1.0	-1.0	-1.0	-1.0	100	0
14357	1135	400	1	999	43	2	16	92	103	60	0	0	0	0	0	0	0	0	0	0	0	0	0	0	0	0	1.0	-1.0	-1.0	-1.0	100	0
14391	1070	400	1	999	43	2	16	92	103	60	0	0	0	0	0	0	0	0	0	0	0	0	0	0	0	0	1.0	-1.0	-1.0	-1.0	100	0
14424	1087	400	1	999	43	2	16	92	103	60	0	0	0	0	0	0	0	0	0	0	0	0	0	0	0	0	1.0	-1.0	-1.0	-1.0	100	0
14457	1019	397	1	999	43	2	16	92	103	60	0	0	0	0	0	0	0	0	0	0	0	0	0	0	0	0	1.0	-1.0	-1.0	-1.0	100	0
14490	1078	400	1	999	43	2	16	92	103	60	0	0	0	0	0	0	0	0	0	0	0	0	0	0	0	0	1.0	-1.0	-1.0	-1.0	100	0
14522	1094	403	1	999	43	2	16	92	103	60	0	0	0	0	0	0	0	0	0	0	0	0	0	0	0	0	1.0	-1.0	-1.0	-1.0	100	0
14557	1143	400	1	999	43	2	16	92	103	60	0	0	0	0	0	0	0	0	0	0	0	0	0	0	0	0	1.0	-1.0	-1.0	-1.0	100	0
14590	1104	398	1	999	43	2	16	92	103	60	0	0	0	0	0	0	0	0	0	0	0	0	0	0	0	0	1.0	-1.0	-1.0	-1.0	100	0
14624	1106	399	1	999	43	2	16	92	103	60	0	0	0	0	0	0	0	0	0	0	0	0	0	0	0	0	1.0	-1.0	-1.0	-1.0	100	0
14656	1100	402	1	999	43	2	16	92	103	60	0	0	0	0	0	0	0	0	0	0	0	0	0	0	0	0	1.0	-1.0	-1.0	-1.0	100	0
14690	1152	399	1	999	43	2	16	92	103	60	0	0	0	0	0	0	0	0	0	0	0	0	0	0	0	0	1.0	-1.0	-1.0	-1.0	100	0
14723	1085	396	1	999	43	2	16	92	103	60	0	0	0	0	0	0	0	0	0	0	0	0	0	0	0	0	1.0	-1.0	-1.0	-1.0	100	0
14757	1180	399	1	999	43	2	16	92	103	60	0	0	0	0	0	0	0	0	0	0	0	0	0	0	0	0	1.0	-1.0	-1.0	-1.0	100	0
14790	1099	398	1	999	43	2	16	92	103	60	0	0	0	0	0	0	0	0	0	0	0	0	0	0	0	0	1.0	-1.0	-1.0	-1.0	100	0
14825	1045	402	1	999	43	2	16	92	103	60	0	0	0	0	0	0	0	0	0	0	0	0	0	0	0	0	1.0	-1.0	-1.0	-1.0	100	0
14855	1045	401	1	999	43	2	16	92	103	60	0	0	0	0	0	0	0	0	0	0	0	0	0	0	0	0	1.0	-1.0	-1.0	-1.0	100	0
14890	1083	400	1	999	43	2	16	92	103	60	0	0	0	0	0	0	0	0	0	0	0	0	0	0	0	0	1.0	-1.0	-1.0	-1.0	100	0
14923	1114	399	1	999	43	2	16	92	103	60	0	0	0	0	0	0	0	0	0	0	0	0	0	0	0	0	1.0	-1.0	-1.0	-1.0	100	0
14956	1079	400	1	999	43	2	16	92	103	60	0	0	0	0	0	0	0	0	0	0	0	0	0	0	0	0	1.0	-1.0	-1.0	-1.0	100	0
14989	1023	401	1	999	43	2	16	92	103	60	0	0	0	0	0	0	0	0	0	0	0	0	0	0	0	0	1.0	-1.0	-1.0	-1.0	100	0
15023	1117	400	1	999	43	2	16	92	103	60	0	0	0	0	0	0	0	0	0	0	0	0	0	0	0	0	1.0	-1.0	-1.0	-1.0	100	0
15056	1080	395	1	999	43	2	16	92	103	60	0	0	0	0	0	0	0	0	0	0	0	0	0	0	0	0	1.0	-1.0	-1.0	-1.0	100	0
15091	1152	398	1	999	43	2	16	92	103	60	0	0	0	0	0	0	0	0	0	0	0	0	0	0	0	0	1.0	-1.0	-1.0	-1.0	100	0
15122	1014	396	1	999	43	2	16	92	103	60	0	0	0	0	0	0	0	0	0	0	0	0	0	0	0	0	1.0	-1.0	-1.0	-1.0	100	0
15158	1122	398	1	999	43	2	16	92	103	60	0	0	0	0	0	0	0	0	0	0	0	0	0	0	0	0	1.0	-1.0	-1.0	-1.0	100	0
15189	1074	400	1	999	43	2	16	92	103	60	0	0	0	0	0	0	0	0	0	0	0	0	0	0	0	0	1.0	-1.0	-1.0	-1.0	100	0
15222	1084	400	1	999	43	2	16	92	103	60	0	0	0	0	0	0	0	0	0	0	0	0	0	0	0	0	1.0	-1.0	-1.0	-1.0	100	0
15254	1079	401	1	999	43	2	16	92	103	60	0	0	0	0	0	0	0	0	0	0	0	0	0	0	0	0	1.0	-1.0	-1.0	-1.0	100	0
15288	1089	403	1	999	43	2	16	92	103	60	0	0	0	0	0	0	0	0	0	0	0	0	0	0	0	0	1.0	-1.0	-1.0	-1.0	100	0
15321	1066	398	1	999	43	2	16	92	103	60	0	0	0	0	0	0	0	0	0	0	0	0	0	0	0	0	1.0	-1.0	-1.0	-1.0	100	0
15353	1056	403	1	999	43	2	16	92	103	60	0	0	0	0	0	0	0	0	0	0	0	0	0	0	0	0	1.0	-1.0	-1.0	-1.0	100	0
15387	1131	396	1	999	43	2	16	92	103	60	0	0	0	0	0	0	0	0	0	0	0	0	0	0	0	0	1.0	-1.0	-1.0	-1.0	100	0
15421	997	400	1	999	43	2	16	92	103	60	0	0	0	0	0	0	0	0	0	0	0	0	0	0	0	0	1.0	-1.0	-1.0	-1.0	100	0
15454	1124	400	1	999	43	2	16	92	103	60	0	0	0	0	0	0	0	0	0	0	0	0	0	0	0	0	1.0	-1.0	-1.0	-1.0	100	0
15491	1005	404	1	999	43	2	16	92	103	60	0	0	0	0	0	0	0	0	0	0	0	0	0	0	0	0	1.0	-1.0	-1.0	-1.0	100	0
15521	980	398	1	999	43	2	16	92	103	60	0	0	0	0	0	0	0	0	0	0	0	0	0	0	0	0	1.0	-1.0	-1.0	-1.0	100	0
15554	1087	398	1	999	43	2	16	92	103	60	0	0	0	0	0	0	0	0	0	0	0	0	0	0	0	0	1.0	-1.0	-1.0	-1.0	100	0
15587	1138	398	1	999	43	2	16	92	103	60	0	0	0	0	0	0	0	0	0	0	0	0	0	0	0	0	1.0	-1.0	-1.0	-1.0	100	0
15621	1114	396	1	999	43	2	16	92	103	60	0	0	0	0	0	0	0	0	0	0	0	0	0	0	0	0	1.0	-1.0	-1.0	-1.0	100	0
15657	1173	400	1	999	43	2	16	92	103	60	0	0	0	0	0	0	0	0	0	0	0	0	0	0	0	0	1.0	-1.0	-1.0	-1.0	100	0
15688	1007	399	1	999	43	2	16	92	103	60	0	0	0	0	0	0	0	0	0	0	0	0	0	0	0	0	1.0	-1.0	-1.0	-1.0	100	0
15724	1072	398	1	999	43	2	16	92	103	60	0	0	0	0	0	0	0	0	0	0	0	0	0	0	0	0	1.0	-1.0	-1.0	-1.0	100	0
15754	1139	399	1	999	43	2	16	92	103	60	0	0	0	0	0	0	0	0	0	0	0	0	0	0	0	0	1.0	-1.0	-1.0	-1.0	100	0
15787	1149	401	1	999	43	2	16	92	103	60	0	0	0	0	0	0	0	0	0	0	0	0	0	0	0	0	1.0	-1.0	-1.0	-1.0	100	0
15825	1132	401	1	999	43	2	16	92	103	60	0	0	0	0	0	0	0	0	0	0	0	0	0	0	0	0	1.0	-1.0	-1.0	-1.0	100	0
15854	1179	398	1	999	43	2	16	92	103	60	0	0	0	0	0	0	0	0	0	0	0	0	0	0	0	0	1.0	-1.0	-1.0	-1.0	100	0
15892	1056	396	1	999	43	2	16	92	103	60	0	0	0	0	0	0	0	0	0	0	0	0	0	0	0	0	1.0	-1.0	-1.0	-1.0	100	0
15926	1036	396	1	999	43	2	16	92	103	60	0	0	0	0	0	0	0	0	0	0	0	0	0	0	0	0	1.0	-1.0	-1.0	-1.0	100	0
15955	1124	401	1	999	43	2	16	92	103	60	0	0	0	0	0	0	0	0	0	0	0	0	0	0	0	0	1.0	-1.0	-1.0	-1.0	100	0
15992	1110	400	1	999	43	2	16	92	103	60	0	0	0	0	0	0	0	0	0	0	0	0	0	0	0	0	1.0	-1.0	-1.0	-1.0	100	0
16020	1070	399	1	999	43	2	16	92	103	60	0	0	0	0	0	0	0	0	0	0	0	0	0	0	0	0	1.0	-1.0	-1.0	-1.0	100	0
16054	1157	401	1	999	43	2	16	92	103	60	0	0	0	0	0	0	0	0	0	0	0	0	0	0	0	0	1.0	-1.0	-1.0	-1.0	100	0
16087	1122	399	1	999	43	2	16	92	103	60	0	0	0	0	0	0	0	0	0	0	0	0	0	0	0	0	1.0	-1.0	-1.0	-1.0	100	0
16124	1092	400	1	999	43	2	16	92	103	60	0	0	0	0	0	0	0	0	0	0	0	0	0	0	0	0	1.0	-1.0	-1.0	-1.0	100	0
16159	1100	397	1	999	43	2	16	92	103	60	0	0	0	0	0	0	0	0	0	0	0	0	0	0	0	0	1.0	-1.0	-1.0	-1.0	100	0
16187	1045	399	1	999	43	2	16	92	103	60	0	0	0	0	0	0	0	0	0	0	0	0	0	0	0	0	1.0	-1.0	-1.0	-1.0	100	0
16225	1089	397	1	999	43	2	16	92	103	60	0	0	0	0	0	0	0	0	0	0	0	0	0	0	0	0	1.0	-1.0	-1.0	-1.0	100	0
16259	1062	400	1	999	43	2	16	92	103	60	0	0	0	0	0	0	0	0	0	0	0	0	0	0	0	0	1.0	-1.0	-1.0	-1.0	100	0
16289	1151	399	1	999	43	2	16	92	103	60	0	0	0	0	0	0	0	0	0	0	0	0	0	0	0	0	1.0	-1.0	-1.0	-1.0	100	0
16326	1091	400	1	999	43	2	16	92	103	60	0	0	0	0	0	0	0	0	0	0	0	0	0	0	0	0	1.0	-1.0	-1.0	-1.0	100	0
16359	1051	399	1	999	43	2	16	92	103	60	0	0	0	0	0	0	0	0	0	0	0	0	0	0	0	0	1.0	-1.0	-1.0	-1.0	100	0
16392	1124	398	1	999	43	2	16	92	103	60	0	0	0	0	0	0	0	0	0	0	0	0	0	0	0	0	1.0	-1.0	-1.0	-1.0	100	0
16425	1056	402	1	999	43	2	16	92	103	60	0	0	0	0	0	0	0	0	0	0	0	0	0	0	0	0	1.0	-1.0	-1.0	-1.0	100	0
16459	1138	399	1	999	43	2	16	92	103	60	0	0	0	0	0	0	0	0	0	0	0	0	0	0	0	0	1.0	-1.0	-1.0	-1.0	100	0
16488	1089	398	1	999	43	2	16	92	103	60	0	0	0	0	0	0	0	0	0	0	0	0	0	0	0	0	1.0	-1.0	-1.0	-1.0	100	0
16522	1060	398	1	999	43	2	16	92	103	60	0	0	0	0	0	0	0	0	0	0	0	0	0	0	0	0	1.0	-1.0	-1.0	-1.0	100	0
16556	1080	404	1	999	43	2	16	92	103	60	0	0	0	0	0	0	0	0	0	0	0	0	0	0	0	0	1.0	-1.0	-1.0	-1.0	100	0
16592	1074	398	1	999	43	2	16	92	103	60	0	0	0	0	0	0	0	0	0	0	0	0	0	0	0	0	1.0	-1.0	-1.0	-1.0	100	0
16620	1056	403	1	999	43	2	16	92	103	60	0	0	0	0	0	0	0	0	0	0	0	0	0	0	0	0	1.0	-1.0	-1.0	-1.0	100	0
16659	1064	399	1	999	43	2	16	92	103	60	0	0	0	0	0	0	0	0	0	0	0	0	0	0	0	0	1.0	-1.0	-1.0	-1.0	100	0
16687	1093	401	1	999	43	2	16	92	103	60	0	0	0	0	0	0	0	0	0	0	0	0	0	0	0	0	1.0	-1.0	-1.0	-1.0	100	0
16726	1043	399	1	999	43	2	16	92	103	60	0	0	0	0	0	0	0	0	0	0	0	0	0	0	0	0	1.0	-1.0	-1.0	-1.0	100	0
16753	1148	399	1	999	43	2	16	92	103	60	0	0	0	0	0	0	0	0	0	0	0	0	0	0	0	0	1.0	-1.0	-1.0	-1.0	100	0
16789	1144	398	1	999	43	2	16	92	103	60	0	0	0	0	0	0	0	0	0	0	0	0	0	0	0	0	1.0	-1.0	-1.0	-1.0	100	0
16825	1151	397	1	999	43	2	16	92	103	60	0	0	0	0	0	0	0	0	0	0	0	0	0	0	0	0	1.0	-1.0	-1.0	-1.0	100	0
16853	1043	401	1	999	43	2	16	92	103	60	0	0	0	0	0	0	0	0	0	0	0	0	0	0	0	0	1.0	-1.0	-1.0	-1.0	100	0
16892	1168	399	1	999	43	2	16	92	103	60	0	0	0	0	0	0	0	0	0	0	0	0	0	0	0	0	1.0	-1.0	-1.0	-1.0	100	0
16921	1086	399	1	999	43	2	16	92	103	60	0	0	0	0	0	0	0	0	0	0	0	0	0	0	0	0	1.0	-1.0	-1.0	-1.0	100	0
16958	1036	401	1	999	43	2	16	92	103	60	0	0	0	0	0	0	0	0	0	0	0	0	0	0	0	0	1.0	-1.0	-0.77254903	-0.9372549	100	8
16988	1095	403	1	999	43	2	16	92	103	60	0	0	0	0	0	0	0	0	0	0	0	0	0	0	0	0	0.0	0.7411765	0.0	0.16078436	-38	-9
20254	40	400	1	999	43	2	16	92	103	60	0	0	0	0	0	0	0	0	0	0	0	0	0	0	0	0	0.20000005	-0.24705881	-0.1372549	0.0	22	-7
20292	68	402	1	999	43	2	16	92	103	60	0	0	0	0	0	0	0	0	0	0	0	0	0	0	0	0	0.9607843	-0.7019608	-0.8117647	-0.4823529	83	-17
20325	49	400	1	999	43	2	16	92	103	60	0	0	0	0	0	0	0	0	0	0	0	0	0	0	0	0	1.0	-0.92156863	-1.0	-0.99215686	96	-1
20358	27	401	1	999	43	2	16	92	103	60	0	0	0	0	0	0	0	0	0	0	0	0	0	0	0	0	1.0	-1.0	-1.0	-0.99215686	100	-1
20392	116	400	1	999	43	2	16	92	103	60	0	0	0	0	0	0	0	0	0	0	0	0	0	0	0	0	1.0	-1.0	-1.0	-0.99215686	100	-1
20425	158	405	1	999	43	2	16	92	103	60	0	0	0	0	0	0	0	0	0	0	0	0	0	0	0	0	1.0	-1.0	-1.0	-0.99215686	100	-1
20459	41	401	1	999	43	2	16	92	103	60	0	0	0	0	0	0	0	0	0	0	0	0	0	0	0	0	1.0	-1.0	-1.0	-0.99215686	100	-1
20492	105	400	1	999	43	2	16	92	103	60	0	0	0	0	0	0	0	0	0	0	0	0	0	0	0	0	1.0	-1.0	-1.0	-0.99215686	100	-1
20521	103	401	1	999	43	2	16	92	103	60	0	0	0	0	0	0	0	0	0	0	0	0	0	0	0	0	1.0	-1.0	-1.0	-0.99215686	100	-1
20559	61	400	1	999	43	2	16	92	103	60	0	0	0	0	0	0	0	0	0	0	0	0	0	0	0	0	1.0	-1.0	-1.0	-0.99215686	100	-1
20591	9	400	1	999	43	2	16	92	103	60	0	0	0	0	0	0	0	0	0	0	0	0	0	0	0	0	1.0	-1.0	-1.0	-0.99215686	100	-1
20625	33	399	1	999	43	2	16	92	103	60	0	0	0	0	0	0	0	0	0	0	0	0	0	0	0	0	1.0	-1.0	-1.0	-0.99215686	100	-1
20659	107	399	1	999	43	2	16	92	103	60	0	0	0	0	0	0	0	0	0	0	0	0	0	0	0	0	1.0	-1.0	-1.0	-0.99215686	100	-1
20692	82	400	1	999	43	2	16	92	103	60	0	0	0	0	0	0	0	0	0	0	0	0	0	0	0	0	1.0	-1.0	-1.0	-0.99215686	100	-1
20725	15	399	1	999	43	2	16	92	103	60	0	0	0	0	0	0	0	0	0	0	0	0	0	0	0	0	1.0	-1.0	-1.0	-0.99215686	100	-1
20757	69	400	1	999	43	2	16	92	103	60	0	0	0	0	0	0	0	0	0	0	0	0	0	0	0	0	1.0	-1.0	-1.0	-0.99215686	100	-1
20792	9	401	1	999	43	2	16	92	103	60	0	0	0	0	0	0	0	0	0	0	0	0	0	0	0	0	1.0	-1.0	-1.0	-0.99215686	100	-1
20825	50	398	1	999	43	2	16	92	103	60	0	0	0	0	0	0	0	0	0	0	0	0	0	0	0	0	1.0	-1.0	-1.0	-0.99215686	100	-1
20853	100	402	1	999	43	2	16	92	103	60	0	0	0	0	0	0	0	0	0	0	0	0	0	0	0	0	1.0	-1.0	-1.0	-0.99215686	100	-1
20888	140	401	1	999	43	2	16	92	103	60	0	0	0	0	0	0	0	0	0	0	0	0	0	0	0	0	1.0	-1.0	-1.0	-0.99215686	100	-1
20921	36	401	1	999	43	2	16	92	103	60	0	0	0	0	0	0	0	0	0	0	0	0	0	0	0	0	1.0	-1.0	-1.0	-0.99215686	100	-1
20954	116	398	1	999	43	2	16	92	103	60	0	0	0	0	0	0	0	0	0	0	0	0	0	0	0	0	1.0	-1.0	-1.0	-0.99215686	100	-1
20988	115	400	1	999	43	2	16	92	103	60	0	0	0	0	0	0	0	0	0	0	0	0	0	0	0	0	1.0	-1.0	-1.0	-0.99215686	100	-1
21022	0	399	1	999	43	2	16	92	103	60	0	0	0	0	0	0	0	0	0	0	0	0	0	0	0	0	1.0	-1.0	-1.0	-0.99215686	100	-1
21056	80	399	1	999	43	2	16	92	103	60	0	0	0	0	0	0	0	0	0	0	0	0	0	0	0	0	1.0	-1.0	-1.0	-0.99215686	100	-1
21089	119	400	1	999	43	2	16	92	103	60	0	0	0	0	0	0	0	0	0	0	0	0	0	0	0	0	1.0	-1.0	-1.0	-0.99215686	100	-1
21124	32	398	1	999	43	2	16	92	103	60	0	0	0	0	0	0	0	0	0	0	0	0	0	0	0	0	1.0	-1.0	-1.0	-0.99215686	100	-1
21158	63	398	1	999	43	2	16	92	103	60	0	0	0	0	0	0	0	0	0	0	0	0	0	0	0	0	1.0	-1.0	-1.0	-0.99215686	100	-1
21191	81	399	1	999	43	2	16	92	103	60	0	0	0	0	0	0	0	0	0	0	0	0	0	0	0	0	1.0	-1.0	-1.0	-0.99215686	100	-1
21223	60	399	1	999	43	2	16	92	103	60	0	0	0	0	0	0	0	0	0	0	0	0	0	0	0	0	1.0	-1.0	-1.0	-0.99215686	100	-1
21258	0	402	1	999	43	2	16	92	103	60	0	0	0	0	0	0	0	0	0	0	0	0	0	0	0	0	1.0	-1.0	-1.0	-0.99215686	100	-1
21291	62	398	1	999	43	2	16	92	103	60	0	0	0	0	0	0	0	0	0	0	0	0	0	0	0	0	1.0	-1.0	-1.0	-0.99215686	100	-1
21324	104	395	1	999	43	2	16	92	103	60	0	0	0	0	0	0	0	0	0	0	0	0	0	0	0	0	1.0	-1.0	-1.0	-0.99215686	100	-1
21358	4	399	1	999	43	2	16	92	103	60	0	0	0	0	0	0	0	0	0	0	0	0	0	0	0	0	1.0	-1.0	-1.0	-0.99215686	100	-1
21391	61	401	1	999	43	2	16	92	103	60	0	0	0	0	0	0	0	0	0	0	0	0	0	0	0	0	1.0	-1.0	-1.0	-0.99215686	100	-1
21424	92	402	1	999	43	2	16	92	103	60	0	0	0	0	0	0	0	0	0	0	0	0	0	0	0	0	1.0	-1.0	-1.0	-0.99215686	100	-1
21457	0	398	1	999	43	2	16	92	103	60	0	0	0	0	0	0	0	0	0	0	0	0	0	0	0	0	1.0	-1.0	-1.0	-0.99215686	100	-1
21490	62	401	1	999	43	2	16	92	103	60	0	0	0	0	0	0	0	0	0	0	0	0	0	0	0	0	1.0	-1.0	-1.0	-0.99215686	100	-1
21524	35	399	1	999	43	2	16	92	103	60	0	0	0	0	0	0	0	0	0	0	0	0	0	0	0	0	1.0	-1.0	-1.0	-0.99215686	100	-1
21557	87	399	1	999	43	2	16	92	103	60	0	0	0	0	0	0	0	0	0	0	0	0	0	0	0	0	1.0	-1.0	-1.0	-0.99215686	100	-1
21590	102	396	1	999	43	2	16	92	103	60	0	0	0	0	0	0	0	0	0	0	0	0	0	0	0	0	1.0	-1.0	-1.0	-0.99215686	100	-1
21623	96	402	1	999	43	2	16	92	103	60	0	0	0	0	0	0	0	0	0	0	0	0	0	0	0	0	1.0	-1.0	-1.0	-0.99215686	100	-1
21657	0	401	1	999	43	2	16	92	103	60	0	0	0	0	0	0	0	0	0	0	0	0	0	0	0	0	1.0	-1.0	-1.0	-0.99215686	100	-1
21690	10	400	1	999	43	2	16	92	103	60	0	0	0	0	0	0	0	0	0	0	0	0	0	0	0	0	1.0	-1.0	-1.0	-0.99215686	100	-1
21723	83	399	1	999	43	2	16	92	103	60	0	0	0	0	0	0	0	0	0	0	0	0	0	0	0	0	1.0	-1.0	-1.0	-0.99215686	100	-1
21756	49	404	1	999	43	2	16	92	103	60	0	0	0	0	0	0	0	0	0	0	0	0	0	0	0	0	1.0	-1.0	-1.0	-0.99215686	100	-1
21790	0	401	1	999	43	2	16	92	103	60	0	0	0	0	0	0	0	0	0	0	0	0	0	0	0	0	1.0	-1.0	-1.0	-0.99215686	100	-1
21823	53	398	1	999	43	2	16	92	103	60	0	0	0	0	0	0	0	0	0	0	0	0	0	0	0	0	1.0	-1.0	-1.0	-0.99215686	100	-1
21856	129	399	1	999	43	2	16	92	103	60	0	0	0	0	0	0	0	0	0	0	0	0	0	0	0	0	1.0	-1.0	-1.0	-0.99215686	100	-1
21889	38	398	1	999	43	2	16	92	103	60	0	0	0	0	0	0	0	0	0	0	0	0	0	0	0	0	1.0	-1.0	-1.0	-0.99215686	100	-1
21923	110	400	1	999	43	2	16	92	103	60	0	0	0	0	0	0	0	0	0	0	0	0	0	0	0	0	1.0	-1.0	-1.0	-0.99215686	100	-1
21956	111	400	1	999	43	2	16	92	103	60	0	0	0	0	0	0	0	0	0	0	0	0	0	0	0	0	1.0	-1.0	-1.0	-0.99215686	100	-1
21988	20	399	1	999	43	2	16	92	103	60	0	0	0	0	0	0	0	0	0	0	0	0	0	0	0	0	1.0	-1.0	-1.0	-0.99215686	100	-1
22025	0	400	1	999	43	2	16	92	103	60	0	0	0	0	0	0	0	0	0	0	0	0	0	0	0	0	1.0	-1.0	-1.0	-0.99215686	100	-1
22056	111	401	1	999	43	2	16	92	103	60	0	0	0	0	0	0	0	0	0	0	0	0	0	0	0	0	1.0	-1.0	-1.0	-0.99215686	100	-1
22089	14	398	1	999	43	2	16	92	103	60	0	0	0	0	0	0	0	0	0	0	0	0	0	0	0	0	1.0	-1.0	-1.0	-0.99215686	100	-1
22122	77	399	1	999	43	2	16	92	103	60	0	0	0	0	0	0	0	0	0	0	0	0	0	0	0	0	1.0	-1.0	-1.0	-0.99215686	100	-1
22155	18	400	1	999	43	2	16	92	103	60	0	0	0	0	0	0	0	0	0	0	0	0	0	0	0	0	1.0	-1.0	-1.0	-0.99215686	100	-1
22189	59	401	1	999	43	2	16	92	103	60	0	0	0	0	0	0	0	0	0	0	0	0	0	0	0	0	1.0	-1.0	-1.0	-0.99215686	100	-1
22222	63	401	1	999	43	2	16	92	103	60	0	0	0	0	0	0	0	0	0	0	0	0	0	0	0	0	1.0	-1.0	-1.0	-0.99215686	100	-1
22255	34	399	1	999	43	2	16	92	103	60	0	0	0	0	0	0	0	0	0	0	0	0	0	0	0	0	1.0	-1.0	-1.0	-0.99215686	100	-1
22288	37	399	1	999	43	2	16	92	103	60	0	0	0	0	0	0	0	0	0	0	0	0	0	0	0	0	1.0	-1.0	-1.0	-0.99215686	100	-1
22322	19	396	1	999	43	2	16	92	103	60	0	0	0	0	0	0	0	0	0	0	0	0	0	0	0	0	1.0	-1.0	-1.0	-0.99215686	100	-1
22355	97	399	1	999	43	2	16	92	103	60	0	0	0	0	0	0	0	0	0	0	0	0	0	0	0	0	1.0	-1.0	-1.0	-0.99215686	100	-1
22387	78	397	1	999	43	2	16	92	103	60	0	0	0	0	0	0	0	0	0	0	0	0	0	0	0	0	1.0	-1.0	-1.0	-0.99215686	100	-1
22422	76	400	1	999	43	2	16	92	103	60	0	0	0	0	0	0	0	0	0	0	0	0	0	0	0	0	1.0	-1.0	-1.0	-0.99215686	100	-1
22458	56	398	1	999	43	2	16	92	103	60	0	0	0	0	0	0	0	0	0	0	0	0	0	0	0	0	1.0	-1.0	-1.0	-0.99215686	100	-1
22488	74	399	1	999	43	2	16	92	103	60	0	0	0	0	0	0	0	0	0	0	0	0	0	0	0	0	1.0	-1.0	-1.0	-0.99215686	100	-1
22521	82	404	1	999	43	2	16	92	103	60	0	0	0	0	0	0	0	0	0	0	0	0	0	0	0	0	1.0	-1.0	-1.0	-0.99215686	100	-1
22554	138	399	1	999	43	2	16	92	103	60	0	0	0	0	0	0	0	0	0	0	0	0	0	0	0	0	1.0	-1.0	-1.0	-0.99215686	100	-1
22588	69	401	1	999	43	2	16	92	103	60	0	0	0	0	0	0	0	0	0	0	0	0	0	0	0	0	1.0	-1.0	-1.0	-0.99215686	100	-1
22621	30	399	1	999	43	2	16	92	103	60	0	0	0	0	0	0	0	0	0	0	0	0	0	0	0	0	1.0	-1.0	-1.0	-0.99215686	100	-1
22654	43	399	1	999	43	2	16	92	103	60	0	0	0	0	0	0	0	0	0	0	0	0	0	0	0	0	1.0	-1.0	-1.0	-0.99215686	100	-1
22688	79	398	1	999	43	2	16	92	103	60	0	0	0	0	0	0	0	0	0	0	0	0	0	0	0	0	1.0	-1.0	-1.0	-0.99215686	100	-1
22720	137	400	1	999	43	2	16	92	103	60	0	0	0	0	0	0	0	0	0	0	0	0	0	0	0	0	1.0	-1.0	-1.0	-0.99215686	100	-1
22757	74	402	1	999	43	2	16	92	103	60	0	0	0	0	0	0	0	0	0	0	0	0	0	0	0	0	1.0	-1.0	-1.0	-0.99215686	100	-1
22787	6	402	1	999	43	2	16	92	103	60	0	0	0	0	0	0	0	0	0	0	0	0	0	0	0	0	1.0	-1.0	-1.0	-0.99215686	100	-1
22825	119	398	1	999	43	2	16	92	103	60	0	0	0	0	0	0	0	0	0	0	0	0	0	0	0	0	1.0	-1.0	-1.0	-0.99215686	100	-1
22854	122	400	1	999	43	2	16	92	103	60	0	0	0	0	0	0	0	0	0	0	0	0	0	0	0	0	1.0	-1.0	-1.0	-0.99215686	100	-1
22890	17	401	1	999	43	2	16	92	103	60	0	0	0	0	0	0	0	0	0	0	0	0	0	0	0	0	1.0	-1.0	-1.0	-0.99215686	100	-1
22925	68	399	1	999	43	2	16	92	103	60	0	0	0	0	0	0	0	0	0	0	0	0	0	0	0	0	1.0	-1.0	-1.0	-0.99215686	100	-1
22954	103	405	1	999	43	2	16	92	103	60	0	0	0	0	0	0	0	0	0	0	0	0	0	0	0	0	1.0	-1.0	-1.0	-0.99215686	100	-1
22992	81	400	1	999	43	2	16	92	103	60	0	0	0	0	0	0	0	0	0	0	0	0	0	0	0	0	1.0	-1.0	-1.0	-0.99215686	100	-1
23020	109	403	1	999	43	2	16	92	103	60	0	0	0	0	0	0	0	0	0	0	0	0	0	0	0	0	1.0	-1.0	-1.0	-0.99215686	100	-1
23053	96	400	1	999	43	2	16	92	103	60	0	0	0	0	0	0	0	0	0	0	0	0	0	0	0	0	1.0	-1.0	-1.0	-0.99215686	100	-1
23087	47	398	1	999	43	2	16	92	103	60	0	0	0	0	0	0	0	0	0	0	0	0	0	0	0	0	1.0	-1.0	-1.0	-0.99215686	100	-1
23123	119	398	1	999	43	2	16	92	103	60	0	0	0	0	0	0	0	0	0	0	0	0	0	0	0	0	1.0	-1.0	-1.0	-0.99215686	100	-1
23158	108	399	1	999	43	2	16	92	103	60	0	0	0	0	0	0	0	0	0	0	0	0	0	0	0	0	1.0	-1.0	-1.0	-0.99215686	100	-1
23191	51	398	1	999	43	2	16	92	103	60	0	0	0	0	0	0	0	0	0	0	0	0	0	0	0	0	1.0	-1.0	-1.0	-0.99215686	100	-1
23225	123	396	1	999	43	2	16	92	103	60	0	0	0	0	0	0	0	0	0	0	0	0	0	0	0	0	1.0	-1.0	-1.0	-0.99215686	100	-1
23259	104	402	1	999	43	2	16	92	103	60	0	0	0	0	0	0	0	0	0	0	0	0	0	0	0	0	1.0	-1.0	-1.0	-0.99215686	100	-1
23287	88	401	1	999	43	2	16	92	103	60	0	0	0	0	0	0	0	0	0	0	0	0	0	0	0	0	1.0	-1.0	-1.0	-0.99215686	100	-1
23325	76	400	1	999	43	2	16	92	103	60	0	0	0	0	0	0	0	0	0	0	0	0	0	0	0	0	1.0	-1.0	-1.0	-0.99215686	100	-1
23359	67	400	1	999	43	2	16	92	103	60	0	0	0	0	0	0	0	0	0	0	0	0	0	0	0	0	1.0	-1.0	-1.0	-0.99215686	100	-1
23388	71	399	1	999	43	2	16	92	103	60	0	0	0	0	0	0	0	0	0	0	0	0	0	0	0	0	1.0	-1.0	-1.0	-0.99215686	100	-1
23425	35	400	1	999	43	2	16	92	103	60	0	0	0	0	0	0	0	0	0	0	0	0	0	0	0	0	1.0	-1.0	-1.0	-0.99215686	100	-1
23454	156	400	1	999	43	2	16	92	103	60	0	0	0	0	0	0	0	0	0	0	0	0	0	0	0	0	1.0	-1.0	-1.0	-0.99215686	100	-1
23492	0	400	1	999	43	2	16	92	103	60	0	0	0	0	0	0	0	0	0	0	0	0	0	0	0	0	1.0	-1.0	-1.0	-0.99215686	100	-1
23525	150	404	1	999	43	2	16	92	103	60	0	0	0	0	0	0	0	0	0	0	0	0	0	0	0	0	1.0	-1.0	-1.0	-0.99215686	100	-1
23554	75	401	1	999	43	2	16	92	103	60	0	0	0	0	0	0	0	0	0	0	0	0	0	0	0	0	1.0	-1.0	-1.0	-0.99215686	100	-1
23592	67	400	1	999	43	2	16	92	103	60	0	0	0	0	0	0	0	0	0	0	0	0	0	0	0	0	1.0	-1.0	-1.0	-0.99215686	100	-1
23620	33	399	1	999	43	2	16	92	103	60	0	0	0	0	0	0	0	0	0	0	0	0	0	0	0	0	1.0	-1.0	-1.0	-0.99215686	100	-1
23659	80	399	1	999	43	2	16	92	103	60	0	0	0	0	0	0	0	0	0	0	0	0	0	0	0	0	1.0	-1.0	-1.0	-0.99215686	100	-1
23689	27	401	1	999	43	2	16	92	103	60	0	0	0	0	0	0	0	0	0	0	0	0	0	0	0	0	1.0	-1.0	-1.0	-0.99215686	100	-1
23720	84	398	1	999	43	2	16	92	103	60	0	0	0	0	0	0	0	0	0	0	0	0	0	0	0	0	1.0	-1.0	-1.0	-0.99215686	100	-1
23759	40	398	1	999	43	2	16	92	103	60	0	0	0	0	0	0	0	0	0	0	0	0	0	0	0	0	1.0	-1.0	-1.0	-0.99215686	100	-1
23788	48	401	1	999	43	2	16	92	103	60	0	0	0	0	0	0	0	0	0	0	0	0	0	0	0	0	1.0	-1.0	-1.0	-0.99215686	100	-1
23821	43	406	1	999	43	2	16	92	103	60	0	0	0	0	0	0	0	0	0	0	0	0	0	0	0	0	1.0	-1.0	-1.0	-0.99215686	100	-1
23859	20	401	1	999	43	2	16	92	103	60	0	0	0	0	0	0	0	0	0	0	0	0	0	0	0	0	1.0	-1.0	-1.0	-0.99215686	100	-1
23891	28	397	1	999	43	2	16	92	103	60	0	0	0	0	0	0	0	0	0	0	0	0	0	0	0	0	1.0	-1.0	-1.0	-0.99215686	100	-1
23921	41	399	1	999	43	2	16	92	103	60	0	0	0	0	0	0	0	0	0	0	0	0	0	0	0	0	1.0	-1.0	-1.0	-0.99215686	100	-1
23955	71	398	1	999	43	2	16	92	103	60	0	0	0	0	0	0	0	0	0	0	0	0	0	0	0	0	1.0	-1.0	-1.0	-0.99215686	100	-1
23988	107	399	1	999	43	2	16	92	103	60	0	0	0	0	0	0	0	0	0	0	0	0	0	0	0	0	1.0	-1.0	-1.0	-0.99215686	100	-1
24021	66	402	1	999	43	2	16	92	103	60	0	0	0	0	0	0	0	0	0	0	0	0	0	0	0	0	1.0	-1.0	-1.0	-0.99215686	100	-1
24055	84	399	1	999	43	2	16	92	103	60	0	0	0	0	0	0	0	0	0	0	0	0	0	0	0	0	1.0	-1.0	-1.0	-0.99215686	100	-1
24088	101	397	1	999	43	2	16	92	103	60	0	0	0	0	0	0	0	0	0	0	0	0	0	0	0	0	1.0	-1.0	-1.0	-0.99215686	100	-1
24121	84	399	1	999	43	2	16	92	103	60	0	0	0	0	0	0	0	0	0	0	0	0	0	0	0	0	1.0	-1.0	-1.0	-0.99215686	100	-1
24154	66	400	1	999	43	2	16	92	103	60	0	0	0	0	0	0	0	0	0	0	0	0	0	0	0	0	1.0	-1.0	-1.0	-0.99215686	100	-1
24188	173	402	1	999	43	2	16	92	103	60	0	0	0	0	0	0	0	0	0	0	0	0	0	0	0	0	1.0	-1.0	-1.0	-0.99215686	100	-1
24221	105	398	1	999	43	2	16	92	103	60	0	0	0	0	0	0	0	0	0	0	0	0	0	0	0	0	1.0	-1.0	-1.0	-0.99215686	100	-1
24258	47	400	1	999	43	2	16	92	103	60	0	0	0	0	0	0	0	0	0	0	0	0	0	0	0	0	1.0	-1.0	-1.0	-0.99215686	100	-1
24287	98	397	1	999	43	2	16	92	103	60	0	0	0	0	0	0	0	0	0	0	0	0	0	0	0	0	1.0	-1.0	-1.0	-0.99215686	100	-1
24321	27	398	1	999	43	2	16	92	103	60	0	0	0	0	0	0	0	0	0	0	0	0	0	0	0	0	1.0	-1.0	-0.96862745	-0.99215686	100	1
24354	0	402	1	999	43	2	16	92	103	60	0	0	0	0	0	0	0	0	0	0	0	0	0	0	0	0	0.5294118	-1.0	-0.5686275	-0.99215686	76	21
24392	12	400	1	999	43	2	16	92	103	60	0	0	0	0	0	0	0	0	0	0	0	0	0	0	0	0	0.20784318	-0.42745095	0.0	0.0	31	0
24421	189	396	1	999	43	2	16	92	103	60	0	0	0	0	0	0	0	0	0	0	0	0	0	0	0	0	0.0	-0.14509803	0.0	0.0	7	0
26757	447	394	1	999	43	2	16	92	103	60	0	0	0	0	0	0	0	0	0	0	0	0	0	0	0	0	0.12156868	0.0	-0.17647058	0.0	6	-9
26789	383	400	1	999	43	2	16	92	103	60	0	0	0	0	0	0	0	0	0	0	0	0	0	0	0	0	0.6862745	0.0	-1.0	-0.58431375	34	-21
26825	438	397	1	999	43	2	16	92	103	60	0	0	0	0	0	0	0	0	0	0	0	0	0	0	0	0	1.0	-0.36470586	-1.0	-0.99215686	68	-1
26859	420	402	1	999	43	2	16	92	103	60	0	0	0	0	0	0	0	0	0	0	0	0	0	0	0	0	1.0	-0.8117647	-1.0	-0.99215686	90	-1
26892	432	397	1	999	43	2	16	92	103	60	0	0	0	0	0	0	0	0	0	0	0	0	0	0	0	0	1.0	-1.0	-1.0	-0.99215686	100	-1
26925	440	401	1	999	43	2	16	92	103	60	0	0	0	0	0	0	0	0	0	0	0	0	0	0	0	0	1.0	-1.0	-1.0	-0.99215686	100	-1
26959	410	401	1	999	43	2	16	92	103	60	0	0	0	0	0	0	0	0	0	0	0	0	0	0	0	0	1.0	-1.0	-1.0	-0.99215686	100	-1
26991	329	400	1	999	43	2	16	92	103	60	0	0	0	0	0	0	0	0	0	0	0	0	0	0	0	0	1.0	-1.0	-1.0	-0.99215686	100	-1
27025	427	405	1	999	43	2	16	92	103	60	0	0	0	0	0	0	0	0	0	0	0	0	0	0	0	0	1.0	-1.0	-1.0	-0.99215686	100	-1
27059	374	397	1	999	43	2	16	92	103	60	0	0	0	0	0	0	0	0	0	0	0	0	0	0	0	0	1.0	-1.0	-1.0	-0.99215686	100	-1
27091	413	399	1	999	43	2	16	92	103	60	0	0	0	0	0	0	0	0	0	0	0	0	0	0	0	0	1.0	-1.0	-1.0	-0.99215686	100	-1
27126	478	402	1	999	43	2	16	92	103	60	0	0	0	0	0	0	0	0	0	0	0	0	0	0	0	0	1.0	-1.0	-1.0	-0.99215686	100	-1
27159	391	398	1	999	43	2	16	92	103	60	0	0	0	0	0	0	0	0	0	0	0	0	0	0	0	0	1.0	-1.0	-1.0	-0.99215686	100	-1
27192	521	401	1	999	43	2	16	92	103	60	0	0	0	0	0	0	0	0	0	0	0	0	0	0	0	0	1.0	-1.0	-1.0	-0.99215686	100	-1
27225	423	397	1	999	43	2	16	92	103	60	0	0	0	0	0	0	0	0	0	0	0	0	0	0	0	0	1.0	-1.0	-1.0	-0.99215686	100	-1
27259	446	399	1	999	43	2	16	92	103	60	0	0	0	0	0	0	0	0	0	0	0	0	0	0	0	0	1.0	-1.0	-1.0	-0.99215686	100	-1
27292	505	403	1	999	43	2	16	92	103	60	0	0	0	0	0	0	0	0	0	0	0	0	0	0	0	0	1.0	-1.0	-1.0	-0.99215686	100	-1
27326	456	403	1	999	43	2	16	92	103	60	0	0	0	0	0	0	0	0	0	0	0	0	0	0	0	0	1.0	-1.0	-1.0	-0.99215686	100	-1
27359	404	399	1	999	43	2	16	92	103	60	0	0	0	0	0	0	0	0	0	0	0	0	0	0	0	0	1.0	-1.0	-1.0	-0.99215686	100	-1
27392	468	400	1	999	43	2	16	92	103	60	0	0	0	0	0	0	0	0	0	0	0	0	0	0	0	0	1.0	-1.0	-1.0	-0.99215686	100	-1
27426	422	399	1	999	43	2	16	92	103	60	0	0	0	0	0	0	0	0	0	0	0	0	0	0	0	0	1.0	-1.0	-1.0	-0.99215686	100	-1
27458	501	402	1	999	43	2	16	92	103	60	0	0	0	0	0	0	0	0	0	0	0	0	0	0	0	0	1.0	-1.0	-1.0	-0.99215686	100	-1
27493	417	397	1	999	43	2	16	92	103	60	0	0	0	0	0	0	0	0	0	0	0	0	0	0	0	0	1.0	-1.0	-1.0	-0.99215686	100	-1
27525	440	398	1	999	43	2	16	92	103	60	0	0	0	0	0	0	0	0	0	0	0	0	0	0	0	0	1.0	-1.0	-1.0	-0.99215686	100	-1
27557	489	401	1	999	43	2	16	92	103	60	0	0	0	0	0	0	0	0	0	0	0	0	0	0	0	0	1.0	-1.0	-1.0	-0.99215686	100	-1
27592	417	402	1	999	43	2	16	92	103	60	0	0	0	0	0	0	0	0	0	0	0	0	0	0	0	0	1.0	-1.0	-1.0	-0.99215686	100	-1
27625	388	399	1	999	43	2	16	92	103	60	0	0	0	0	0	0	0	0	0	0	0	0	0	0	0	0	1.0	-1.0	-1.0	-0.99215686	100	-1
27658	460	402	1	999	43	2	16	92	103	60	0	0	0	0	0	0	0	0	0	0	0	0	0	0	0	0	1.0	-1.0	-1.0	-0.99215686	100	-1
27692	458	398	1	999	43	2	16	92	103	60	0	0	0	0	0	0	0	0	0	0	0	0	0	0	0	0	1.0	-1.0	-1.0	-0.99215686	100	-1
27725	396	398	1	999	43	2	16	92	103	60	0	0	0	0	0	0	0	0	0	0	0	0	0	0	0	0	1.0	-1.0	-1.0	-0.99215686	100	-1
27759	466	400	1	999	43	2	16	92	103	60	0	0	0	0	0	0	0	0	0	0	0	0	0	0	0	0	1.0	-1.0	-1.0	-0.99215686	100	-1
27792	290	401	1	999	43	2	16	92	103	60	0	0	0	0	0	0	0	0	0	0	0	0	0	0	0	0	1.0	-1.0	-1.0	-0.99215686	100	-1
27825	357	402	1	999	43	2	16	92	103	60	0	0	0	0	0	0	0	0	0	0	0	0	0	0	0	0	1.0	-1.0	-1.0	-0.99215686	100	-1
27858	393	395	1	999	43	2	16	92	103	60	0	0	0	0	0	0	0	0	0	0	0	0	0	0	0	0	1.0	-1.0	-1.0	-0.99215686	100	-1
27892	484	401	1	999	43	2	16	92	103	60	0	0	0	0	0	0	0	0	0	0	0	0	0	0	0	0	1.0	-1.0	-1.0	-0.99215686	100	-1
27925	457	401	1	999	43	2	16	92	103	60	0	0	0	0	0	0	0	0	0	0	0	0	0	0	0	0	1.0	-1.0	-1.0	-0.99215686	100	-1
27958	416	400	1	999	43	2	16	92	103	60	0	0	0	0	0	0	0	0	0	0	0	0	0	0	0	0	1.0	-1.0	-1.0	-0.99215686	100	-1
27988	453	402	1	999	43	2	16	92	103	60	0	0	0	0	0	0	0	0	0	0	0	0	0	0	0	0	1.0	-1.0	-1.0	-0.99215686	100	-1
28023	437	400	1	999	43	2	16	92	103	60	0	0	0	0	0	0	0	0	0	0	0	0	0	0	0	0	1.0	-1.0	-1.0	-0.99215686	100	-1
28057	358	397	1	999	43	2	16	92	103	60	0	0	0	0	0	0	0	0	0	0	0	0	0	0	0	0	1.0	-1.0	-1.0	-0.99215686	100	-1
28091	388	397	1	999	43	2	16	92	103	60	0	0	0	0	0	0	0	0	0	0	0	0	0	0	0	0	1.0	-1.0	-1.0	-0.99215686	100	-1
28122	471	399	1	999	43	2	16	92	103	60	0	0	0	0	0	0	0	0	0	0	0	0	0	0	0	0	1.0	-1.0	-1.0	-0.99215686	100	-1
28154	412	401	1	999	43	2	16	92	103	60	0	0	0	0	0	0	0	0	0	0	0	0	0	0	0	0	1.0	-1.0	-1.0	-0.99215686	100	-1
28188	384	401	1	999	43	2	16	92	103	60	0	0	0	0	0	0	0	0	0	0	0	0	0	0	0	0	1.0	-1.0	-1.0	-0.99215686	100	-1
28224	437	398	1	999	43	2	16	92	103	60	0	0	0	0	0	0	0	0	0	0	0	0	0	0	0	0	1.0	-1.0	-1.0	-0.99215686	100	-1
28258	474	399	1	999	43	2	16	92	103	60	0	0	0	0	0	0	0	0	0	0	0	0	0	0	0	0	1.0	-1.0	-1.0	-0.99215686	100	-1
28291	383	400	1	999	43	2	16	92	103	60	0	0	0	0	0	0	0	0	0	0	0	0	0	0	0	0	1.0	-1.0	-1.0	-0.99215686	100	-1
28324	515	399	1	999	43	2	16	92	103	60	0	0	0	0	0	0	0	0	0	0	0	0	0	0	0	0	1.0	-1.0	-1.0	-0.99215686	100	-1
28357	454	399	1	999	43	2	16	92	103	60	0	0	0	0	0	0	0	0	0	0	0	0	0	0	0	0	1.0	-1.0	-1.0	-0.99215686	100	-1
28391	429	400	1	999	43	2	16	92	103	60	0	0	0	0	0	0	0	0	0	0	0	0	0	0	0	0	1.0	-1.0	-1.0	-0.99215686	100	-1
28424	351	397	1	999	43	2	16	92	103	60	0	0	0	0	0	0	0	0	0	0	0	0	0	0	0	0	1.0	-1.0	-1.0	-0.99215686	100	-1
28457	432	398	1	999	43	2	16	92	103	60	0	0	0	0	0	0	0	0	0	0	0	0	0	0	0	0	1.0	-1.0	-1.0	-0.99215686	100	-1
28490	381	401	1	999	43	2	16	92	103	60	0	0	0	0	0	0	0	0	0	0	0	0	0	0	0	0	1.0	-1.0	-1.0	-0.99215686	100	-1
28524	421	399	1	999	43	2	16	92	103	60	0	0	0	0	0	0	0	0	0	0	0	0	0	0	0	0	1.0	-1.0	-1.0	-0.99215686	100	-1
28557	403	399	1	999	43	2	16	92	103	60	0	0	0	0	0	0	0	0	0	0	0	0	0	0	0	0	1.0	-1.0	-1.0	-0.99215686	100	-1
28590	423	403	1	999	43	2	16	92	103	60	0	0	0	0	0	0	0	0	0	0	0	0	0	0	0	0	1.0	-1.0	-1.0	-0.99215686	100	-1
28623	367	399	1	999	43	2	16	92	103	60	0	0	0	0	0	0	0	0	0	0	0	0	0	0	0	0	1.0	-1.0	-1.0	-0.99215686	100	-1
28657	364	402	1	999	43	2	16	92	103	60	0	0	0	0	0	0	0	0	0	0	0	0	0	0	0	0	1.0	-1.0	-1.0	-0.99215686	100	-1
28690	336	401	1	999	43	2	16	92	103	60	0	0	0	0	0	0	0	0	0	0	0	0	0	0	0	0	1.0	-1.0	-1.0	-0.99215686	100	-1
28723	454	399	1	999	43	2	16	92	103	60	0	0	0	0	0	0	0	0	0	0	0	0	0	0	0	0	1.0	-1.0	-1.0	-0.99215686	100	-1
28756	360	399	1	999	43	2	16	92	103	60	0	0	0	0	0	0	0	0	0	0	0	0	0	0	0	0	1.0	-1.0	-1.0	-0.99215686	100	-1
28789	500	399	1	999	43	2	16	92	103	60	0	0	0	0	0	0	0	0	0	0	0	0	0	0	0	0	1.0	-1.0	-1.0	-0.99215686	100	-1
28825	475	401	1	999	43	2	16	92	103	60	0	0	0	0	0	0	0	0	0	0	0	0	0	0	0	0	1.0	-1.0	-1.0	-0.99215686	100	-1
28856	403	397	1	999	43	2	16	92	103	60	0	0	0	0	0	0	0	0	0	0	0	0	0	0	0	0	1.0	-1.0	-1.0	-0.99215686	100	-1
28889	384	401	1	999	43	2	16	92	103	60	0	0	0	0	0	0	0	0	0	0	0	0	0	0	0	0	1.0	-1.0	-1.0	-0.99215686	100	-1
28923	464	399	1	999	43	2	16	92	103	60	0	0	0	0	0	0	0	0	0	0	0	0	0	0	0	0	1.0	-1.0	-1.0	-0.99215686	100	-1
28954	447	401	1	999	43	2	16	92	103	60	0	0	0	0	0	0	0	0	0	0	0	0	0	0	0	0	1.0	-1.0	-1.0	-0.99215686	100	-1
28989	494	402	1	999	43	2	16	92	103	60	0	0	0	0	0	0	0	0	0	0	0	0	0	0	0	0	1.0	-1.0	-1.0	-0.99215686	100	-1
29022	414	400	1	999	43	2	16	92	103	60	0	0	0	0	0	0	0	0	0	0	0	0	0	0	0	0	1.0	-1.0	-1.0	-0.99215686	100	-1
29056	402	399	1	999	43	2	16	92	103	60	0	0	0	0	0	0	0	0	0	0	0	0	0	0	0	0	1.0	-1.0	-1.0	-0.99215686	100	-1
29089	383	400	1	999	43	2	16	92	103	60	0	0	0	0	0	0	0	0	0	0	0	0	0	0	0	0	1.0	-1.0	-1.0	-0.99215686	100	-1
29122	422	400	1	999	43	2	16	92	103	60	0	0	0	0	0	0	0	0	0	0	0	0	0	0	0	0	1.0	-1.0	-1.0	-0.99215686	100	-1
29155	488	401	1	999	43	2	16	92	103	60	0	0	0	0	0	0	0	0	0	0	0	0	0	0	0	0	1.0	-1.0	-1.0	-0.99215686	100	-1
29189	443	402	1	999	43	2	16	92	103	60	0	0	0	0	0	0	0	0	0	0	0	0	0	0	0	0	1.0	-1.0	-1.0	-0.99215686	100	-1
29222	457	400	1	999	43	2	16	92	103	60	0	0	0	0	0	0	0	0	0	0	0	0	0	0	0	0	1.0	-1.0	-1.0	-0.99215686	100	-1
29259	461	401	1	999	43	2	16	92	103	60	0	0	0	0	0	0	0	0	0	0	0	0	0	0	0	0	1.0	-1.0	-1.0	-0.99215686	100	-1
29288	476	404	1	999	43	2	16	92	103	60	0	0	0	0	0	0	0	0	0	0	0	0	0	0	0	0	1.0	-1.0	-1.0	-0.99215686	100	-1
29325	472	400	1	999	43	2	16	92	103	60	0	0	0	0	0	0	0	0	0	0	0	0	0	0	0	0	1.0	-1.0	-1.0	-0.99215686	100	-1
29355	423	397	1	999	43	2	16	92	103	60	0	0	0	0	0	0	0	0	0	0	0	0	0	0	0	0	1.0	-1.0	-1.0	-0.99215686	100	-1
29388	409	398	1	999	43	2	16	92	103	60	0	0	0	0	0	0	0	0	0	0	0	0	0	0	0	0	1.0	-1.0	-1.0	-0.99215686	100	-1
29421	468	398	1	999	43	2	16	92	103	60	0	0	0	0	0	0	0	0	0	0	0	0	0	0	0	0	1.0	-1.0	-1.0	-0.99215686	100	-1
29455	401	400	1	999	43	2	16	92	103	60	0	0	0	0	0	0	0	0	0	0	0	0	0	0	0	0	1.0	-1.0	-1.0	-0.99215686	100	-1
29488	379	398	1	999	43	2	16	92	103	60	0	0	0	0	0	0	0	0	0	0	0	0	0	0	0	0	1.0	-1.0	-1.0	-0.99215686	100	-1
29521	480	400	1	999	43	2	16	92	103	60	0	0	0	0	0	0	0	0	0	0	0	0	0	0	0	0	1.0	-1.0	-1.0	-0.99215686	100	-1
29554	488	402	1	999	43	2	16	92	103	60	0	0	0	0	0	0	0	0	0	0	0	0	0	0	0	0	1.0	-1.0	-1.0	-0.99215686	100	-1
29591	424	401	1	999	43	2	16	92	103	60	0	0	0	0	0	0	0	0	0	0	0	0	0	0	0	0	1.0	-1.0	-1.0	-0.99215686	100	-1
29621	419	398	1	999	43	2	16	92	103	60	0	0	0	0	0	0	0	0	0	0	0	0	0	0	0	0	1.0	-1.0	-1.0	-0.99215686	100	-1
29654	327	399	1	999	43	2	16	92	103	60	0	0	0	0	0	0	0	0	0	0	0	0	0	0	0	0	1.0	-1.0	-1.0	-0.99215686	100	-1
29687	430	396	1	999	43	2	16	92	103	60	0	0	0	0	0	0	0	0	0	0	0	0	0	0	0	0	1.0	-1.0	-1.0	-0.99215686	100	-1
29721	494	398	1	999	43	2	16	92	103	60	0	0	0	0	0	0	0	0	0	0	0	0	0	0	0	0	1.0	-1.0	-1.0	-0.99215686	100	-1
29754	464	399	1	999	43	2	16	92	103	60	0	0	0	0	0	0	0	0	0	0	0	0	0	0	0	0	1.0	-1.0	-1.0	-0.99215686	100	-1
29792	362	403	1	999	43	2	16	92	103	60	0	0	0	0	0	0	0	0	0	0	0	0	0	0	0	0	1.0	-1.0	-1.0	-0.99215686	100	-1
29825	381	399	1	999	43	2	16	92	103	60	0	0	0	0	0	0	0	0	0	0	0	0	0	0	0	0	1.0	-1.0	-1.0	-0.99215686	100	-1
29854	362	401	1	999	43	2	16	92	103	60	0	0	0	0	0	0	0	0	0	0	0	0	0	0	0	0	1.0	-1.0	-1.0	-0.99215686	100	-1
29892	340	401	1	999	43	2	16	92	103	60	0	0	0	0	0	0	0	0	0	0	0	0	0	0	0	0	1.0	-1.0	-1.0	-0.99215686	100	-1
29920	422	397	1	999	43	2	16	92	103	60	0	0	0	0	0	0	0	0	0	0	0	0	0	0	0	0	1.0	-1.0	-1.0	-0.99215686	100	-1
29959	448	399	1	999	43	2	16	92	103	60	0	0	0	0	0	0	0	0	0	0	0	0	0	0	0	0	1.0	-1.0	-1.0	-0.99215686	100	-1
29987	380	397	1	999	43	2	16	92	103	60	0	0	0	0	0	0	0	0	0	0	0	0	0	0	0	0	1.0	-1.0	-1.0	-0.99215686	100	-1
30026	438	398	1	999	43	2	16	92	103	60	0	0	0	0	0	0	0	0	0	0	0	0	0	0	0	0	1.0	-1.0	-1.0	-0.99215686	100	-1
30059	386	399	1	999	43	2	16	92	103	60	0	0	0	0	0	0	0	0	0	0	0	0	0	0	0	0	1.0	-1.0	-1.0	-0.99215686	100	-1
30091	438	397	1	999	43	2	16	92	103	60	0	0	0	0	0	0	0	0	0	0	0	0	0	0	0	0	1.0	-1.0	-1.0	-0.99215686	100	-1
30125	394	402	1	999	43	2	16	92	103	60	0	0	0	0	0	0	0	0	0	0	0	0	0	0	0	0	1.0	-1.0	-1.0	-0.99215686	100	-1
30158	410	401	1	999	43	2	16	92	103	60	0	0	0	0	0	0	0	0	0	0	0	0	0	0	0	0	1.0	-1.0	-1.0	-0.99215686	100	-1
30192	447	403	1	999	43	2	16	92	103	60	0	0	0	0	0	0	0	0	0	0	0	0	0	0	0	0	1.0	-1.0	-1.0	-0.99215686	100	-1
30224	507	400	1	999	43	2	16	92	103	60	0	0	0	0	0	0	0	0	0	0	0	0	0	0	0	0	1.0	-1.0	-1.0	-0.99215686	100	-1
30259	426	399	1	999	43	2	16	92	103	60	0	0	0	0	0	0	0	0	0	0	0	0	0	0	0	0	1.0	-1.0	-1.0	-0.99215686	100	-1
30288	393	399	1	999	43	2	16	92	103	60	0	0	0	0	0	0	0	0	0	0	0	0	0	0	0	0	1.0	-1.0	-1.0	-0.99215686	100	-1
30325	434	400	1	999	43	2	16	92	103	60	0	0	0	0	0	0	0	0	0	0	0	0	0	0	0	0	1.0	-1.0	-1.0	-0.99215686	100	-1
30355	403	399	1	999	43	2	16	92	103	60	0	0	0	0	0	0	0	0	0	0	0	0	0	0	0	0	1.0	-1.0	-1.0	-0.99215686	100	-1
30389	437	397	1	999	43	2	16	92	103	60	0	0	0	0	0	0	0	0	0	0	0	0	0	0	0	0	1.0	-1.0	-1.0	-0.99215686	100	-1
30425	392	400	1	999	43	2	16	92	103	60	0	0	0	0	0	0	0	0	0	0	0	0	0	0	0	0	1.0	-1.0	-1.0	-0.99215686	100	-1
30458	462	399	1	999	43	2	16	92	103	60	0	0	0	0	0	0	0	0	0	0	0	0	0	0	0	0	1.0	-1.0	-1.0	-0.99215686	100	-1
30487	420	397	1	999	43	2	16	92	103	60	0	0	0	0	0	0	0	0	0	0	0	0	0	0	0	0	1.0	-1.0	-1.0	-0.99215686	100	-1
30525	481	398	1	999	43	2	16	92	103	60	0	0	0	0	0	0	0	0	0	0	0	0	0	0	0	0	1.0	-1.0	-1.0	-0.99215686	100	-1
30554	392	398	1	999	43	2	16	92	103	60	0	0	0	0	0	0	0	0	0	0	0	0	0	0	0	0	1.0	-1.0	-1.0	-0.99215686	100	-1
30592	451	401	1	999	43	2	16	92	103	60	0	0	0	0	0	0	0	0	0	0	0	0	0	0	0	0	1.0	-1.0	-1.0	-0.99215686	100	-1
30622	399	403	1	999	43	2	16	92	103	60	0	0	0	0	0	0	0	0	0	0	0	0	0	0	0	0	1.0	-1.0	-1.0	-0.99215686	100	-1
30655	484	398	1	999	43	2	16	92	103	60	0	0	0	0	0	0	0	0	0	0	0	0	0	0	0	0	1.0	-1.0	-1.0	-0.99215686	100	-1
30688	372	399	1	999	43	2	16	92	103	60	0	0	0	0	0	0	0	0	0	0	0	0	0	0	0	0	1.0	-1.0	-1.0	-0.99215686	100	-1
30722	443	399	1	999	43	2	16	92	103	60	0	0	0	0	0	0	0	0	0	0	0	0	0	0	0	0	1.0	-1.0	-1.0	-0.99215686	100	-1
30753	409	399	1	999	43	2	16	92	103	60	0	0	0	0	0	0	0	0	0	0	0	0	0	0	0	0	1.0	-1.0	-1.0	-0.99215686	100	-1
30788	456	401	1	999	43	2	16	92	103	60	0	0	0	0	0	0	0	0	0	0	0	0	0	0	0	0	1.0	-1.0	-1.0	-0.99215686	100	-1
30823	465	401	1	999	43	2	16	92	103	60	0	0	0	0	0	0	0	0	0	0	0	0	0	0	0	0	1.0	-1.0	-1.0	-0.99215686	100	-1
30855	497	401	1	999	43	2	16	92	103	60	0	0	0	0	0	0	0	0	0	0	0	0	0	0	0	0	1.0	-1.0	-1.0	-0.99215686	100	-1
30891	451	398	1	999	43	2	16	92	103	60	0	0	0	0	0	0	0	0	0	0	0	0	0	0	0	0	1.0	-1.0	-1.0	-0.99215686	100	-1
30924	439	399	1	999	43	2	16	92	103	60	0	0	0	0	0	0	0	0	0	0	0	0	0	0	0	0	1.0	-1.0	-1.0	-0.99215686	100	-1
30955	421	397	1	999	43	2	16	92	103	60	0	0	0	0	0	0	0	0	0	0	0	0	0	0	0	0	1.0	-1.0	-1.0	-0.99215686	100	-1
30988	382	397	1	999	43	2	16	92	103	60	0	0	0	0	0	0	0	0	0	0	0	0	0	0	0	0	1.0	-1.0	-1.0	-0.99215686	100	-1
31021	461	398	1	999	43	2	16	92	103	60	0	0	0	0	0	0	0	0	0	0	0	0	0	0	0	0	1.0	-1.0	-1.0	-0.99215686	100	-1
31054	452	397	1	999	43	2	16	92	103	60	0	0	0	0	0	0	0	0	0	0	0	0	0	0	0	0	1.0	-1.0	-1.0	-0.99215686	100	-1
31090	444	401	1	999	43	2	16	92	103	60	0	0	0	0	0	0	0	0	0	0	0	0	0	0	0	0	1.0	-1.0	-1.0	-0.99215686	100	-1
31121	429	400	1	999	43	2	16	92	103	60	0	0	0	0	0	0	0	0	0	0	0	0	0	0	0	0	1.0	-1.0	-1.0	-0.99215686	100	-1
31154	412	401	1	999	43	2	16	92	103	60	0	0	0	0	0	0	0	0	0	0	0	0	0	0	0	0	1.0	-1.0	-1.0	-0.99215686	100	-1
31187	418	401	1	999	43	2	16	92	103	60	0	0	0	0	0	0	0	0	0	0	0	0	0	0	0	0	1.0	-1.0	-1.0	-0.99215686	100	-1
31221	463	399	1	999	43	2	16	92	103	60	0	0	0	0	0	0	0	0	0	0	0	0	0	0	0	0	1.0	-1.0	-1.0	-0.99215686	100	-1
31259	435	402	1	999	43	2	16	92	103	60	0	0	0	0	0	0	0	0	0	0	0	0	0	0	0	0	1.0	-1.0	-0.6784314	-0.99215686	100	15
31287	459	404	1	999	43	2	16	92	103	60	0	0	0	0	0	0	0	0	0	0	0	0	0	0	0	0	0.73333335	-1.0	-0.44313723	-0.8509804	86	20
41492	492	399	262	156	178	77	16	76	46	12	0	0	0	0	0	0	0	0	0	0	0	0	0	0	0	0	0.0	0.0	0.1686275	0.0	0	8
41521	412	334	262	156	178	77	16	76	46	12	0	0	0	0	0	0	0	0	0	0	0	0	0	0	0	0	-0.6	-0.372549	0.6627451	-0.30196077	-12	48
41558	497	390	262	156	178	77	16	76	46	12	0	0	0	0	0	0	0	0	0	0	0	0	0	0	0	0	-1.0	-0.69411767	0.9607843	-0.36470586	-16	66
41589	1167	402	262	156	178	77	16	76	46	12	0	0	0	0	0	0	0	0	0	0	0	0	0	0	0	0	0.39607847	0.26274514	0.6784314	-0.25490195	6	46
41625	668	498	262	156	178	77	16	76	46	12	0	0	0	0	0	0	0	0	0	0	0	0	0	0	0	0	-0.11372548	0.13725495	0.0	0.105882406	-13	-6
41789	680	497	262	156	178	77	16	76	46	12	0	0	0	0	0	0	0	0	0	0	0	0	0	0	0	0	-0.12941176	0.0	0.32549024	0.0	-7	16
41821	858	436	262	156	178	77	16	76	46	12	0	0	0	0	0	0	0	0	0	0	0	0	0	0	0	0	-0.8901961	0.27843142	0.99215686	-0.40392154	-59	69
41858	631	431	262	156	178	77	16	76	46	12	0	0	0	0	0	0	0	0	0	0	0	0	0	0	0	0	-1.0	0.8666667	1.0	-0.4823529	-94	74
41892	487	356	262	156	178	77	16	76	46	12	0	0	0	0	0	0	0	0	0	0	0	0	0	0	0	0	-1.0	1.0	1.0	-0.4823529	-100	74
41925	956	321	262	156	178	77	16	76	46	12	0	0	0	0	0	0	0	0	0	0	0	0	0	0	0	0	-1.0	1.0	1.0	-0.52156866	-100	76
41957	775	490	262	156	178	77	16	76	46	12	0	0	0	0	0	0	0	0	0	0	0	0	0	0	0	0	-1.0	1.0	0.38823533	-0.45098037	-100	41
41989	717	382	262	156	178	77	16	76	46	12	0	0	0	0	0	0	0	0	0	0	0	0	0	0	0	0	-0.9137255	1.0	0.0	-0.31764704	-96	15
42024	525	379	262	156	178	77	16	76	46	12	0	0	0	0	0	0	0	0	0	0	0	0	0	0	0	0	-0.4352941	1.0	-0.19215685	-0.42745095	-72	11
42058	922	393	262	156	178	77	16	76	46	12	0	0	0	0	0	0	0	0	0	0	0	0	0	0	0	0	0.0	0.60784316	-0.35686272	-0.6313726	-31	13
42091	573	486	262	156	178	77	16	76	46	12	0	0	0	0	0	0	0	0	0	0	0	0	0	0	0	0	0.105882406	0.60784316	-0.45098037	-0.6156863	-26	8
42124	801	408	262	156	178	77	16	76	46	12	0	0	0	0	0	0	0	0	0	0	0	0	0	0	0	0	0.26274514	0.5372549	-0.36470586	0.0	-14	-19
42153	859	502	262	156	178	77	16	76	46	12	0	0	0	0	0	0	0	0	0	0	0	0	0	0	0	0	0.30196083	0.16078436	-0.12941176	0.20784318	7	-17
42188	817	486	262	156	178	77	16	76	46	12	0	0	0	0	0	0	0	0	0	0	0	0	0	0	0	0	0.105882406	-0.25490195	0.0	0.8117647	18	-41
42224	271	518	262	156	178	77	16	76	46	12	0	0	0	0	0	0	0	0	0	0	0	0	0	0	0	0	0.0	-0.7647059	0.27843142	1.0	38	-37
42257	566	382	262	156	178	77	16	76	46	12	0	0	0	0	0	0	0	0	0	0	0	0	0	0	0	0	-0.3098039	-1.0	0.4666667	1.0	34	-27
42291	459	411	262	156	178	77	16	76	46	12	0	0	0	0	0	0	0	0	0	0	0	0	0	0	0	0	-0.38823527	-1.0	0.5764706	1.0	30	-22
42324	456	385	262	156	178	77	16	76	46	12	0	0	0	0	0	0	0	0	0	0	0	0	0	0	0	0	-0.38823527	-1.0	0.0	0.0	30	0
42355	403	244	262	156	178	77	16	76	46	12	0	0	0	0	0	0	0	0	0	0	0	0	0	0	0	0	-0.30196077	-0.827451	0.0	0.0	26	0
42856	938	278	204	180	240	207	236	136	93	12	0	0	0	0	0	0	0	0	0	0	0	0	0	0	0	0	0.0	0.0	0.0	-0.27843136	0	13
42889	610	438	204	180	240	207	236	136	93	12	0	0	0	0	0	0	0	0	0	0	0	0	0	0	0	0	0.0	-0.20784312	0.0	-0.654902	10	32
42925	488	297	204	180	240	207	236	136	93	12	0	0	0	0	0	0	0	0	0	0	0	0	0	0	0	0	0.0	-0.7411765	0.0	-0.8039216	37	40
42955	677	298	204	180	240	207	236	136	93	12	0	0	0	0	0	0	0	0	0	0	0	0	0	0	0	0	-0.21568626	-1.0	0.0	-0.7647059	39	38
42989	1027	556	204	180	240	207	236	136	93	12	0	0	0	0	0	0	0	0	0	0	0	0	0	0	0	0	-0.26274508	-1.0	0.0	0.0	36	0
43020	633	703	204	180	240	207	236	136	93	12	0	0	0	0	0	0	0	0	0	0	0	0	0	0	0	0	-0.2862745	-1.0	0.5294118	0.5529412	35	-2
43055	801	235	204	180	240	207	236	136	93	12	0	0	0	0	0	0	0	0	0	0	0	0	0	0	0	0	-0.3098039	-0.6862745	0.9607843	1.0	18	-2
43089	643	757	204	180	240	207	236	136	93	12	0	0	0	0	0	0	0	0	0	0	0	0	0	0	0	0	-0.20784312	-0.27843136	1.0	1.0	3	0
43189	471	578	204	180	240	207	236	136	93	12	0	0	0	0	0	0	0	0	0	0	0	0	0	0	0	0	-0.5058824	-0.5921569	0.94509804	1.0	4	-3
43221	420	277	204	180	240	207	236	136	93	12	0	0	0	0	0	0	0	0	0	0	0	0	0	0	0	0	-0.30196077	-0.5294118	0.78039217	0.85882354	11	-4
43259	689	238	204	180	240	207	236	136	93	12	0	0	0	0	0	0	0	0	0	0	0	0	0	0	0	0	-0.10588235	-0.18431371	0.27058828	-0.14509803	3	20
43288	924	377	204	180	240	207	236	136	93	12	0	0	0	0	0	0	0	0	0	0	0	0	0	0	0	0	0.0	0.13725495	0.21568632	-0.85882354	-7	53
43321	363	422	204	180	240	207	236	136	93	12	0	0	0	0	0	0	0	0	0	0	0	0	0	0	0	0	0.0	0.7647059	0.27843142	-0.99215686	-39	63
43359	632	366	204	180	240	207	236	136	93	12	0	0	0	0	0	0	0	0	0	0	0	0	0	0	0	0	-0.11372548	1.0	0.41960788	-0.99215686	-56	70
43388	641	800	204	180	240	207	236	136	93	12	0	0	0	0	0	0	0	0	0	0	0	0	0	0	0	0	-0.19215685	1.0	0.70980394	-0.99215686	-60	85
43421	963	370	204	180	240	207	236	136	93	12	0	0	0	0	0	0	0	0	0	0	0	0	0	0	0	0	-0.25490195	1.0	0.8509804	-0.99215686	-63	92
43457	507	541	204	180	240	207	236	136	93	12	0	0	0	0	0	0	0	0	0	0	0	0	0	0	0	0	-0.32549018	0.654902	0.5294118	-0.32549018	-50	42
43488	551	519	204	180	240	207	236	136	93	12	0	0	0	0	0	0	0	0	0	0	0	0	0	0	0	0	-0.12941176	0.0	0.23921573	0.14509809	-7	4
43521	885	123	204	180	240	207	236	136	93	12	0	0	0	0	0	0	0	0	0	0	0	0	0	0	0	0	-0.11372548	0.0	0.23921573	0.27058828	-6	-2
43554	602	371	204	180	240	207	236	136	93	12	0	0	0	0	0	0	0	0	0	0	0	0	0	0	0	0	0.0	0.0	0.22352946	0.37254906	0	-8
43587	606	499	204	180	240	207	236	136	93	12	0	0	0	0	0	0	0	0	0	0	0	0	0	0	0	0	0.0	0.0	0.17647064	0.4039216	0	-12
43626	923	155	204	180	240	207	236	136	93	12	0	0	0	0	0	0	0	0	0	0	0	0	0	0	0	0	0.0	0.0	0.0	0.3176471	0	-16
43655	565	800	204	180	240	207	236	136	93	12	0	0	0	0	0	0	0	0	0	0	0	0	0	0	0	0	0.0	0.0	0.0	0.3176471	0	-16
43687	848	597	143	755	376	76	236	136	93	12	0	0	0	0	0	0	1	0	0	0	0	0	0	0	0	0	0.0	0.0	0.12941182	0.38823533	0	-13
43721	410	468	409	541	397	166	222	172	53	12	0	0	0	0	0	0	1	0	0	0	0	0	0	0	0	0	0.0	0.0	0.14509809	0.4039216	0	-13
43757	150	554	654	699	10	113	111	43	91	12	0	0	0	0	0	0	1	0	0	0	0	0	0	0	0	0	0.0	0.0	0.14509809	0.4039216	0	-13
43793	645	589	654	699	10	113	111	155	185	12	0	0	0	0	0	0	0	0	0	0	0	0	0	0	0	0	0.0	0.0	0.1686275	0.41960788	0	-13
43825	657	448	654	699	10	113	111	155	185	12	0	0	0	0	0	0	0	0	0	0	0	0	0	0	0	0	0.0	0.0	0.1686275	0.41960788	0	-13
43853	649	392	654	699	10	113	111	155	185	12	0	0	0	0	0	0	0	0	0	0	0	0	0	0	0	0	0.0	0.0	0.14509809	0.20000005	0	-3
43887	636	409	654	699	10	113	111	155	185	12	0	0	0	0	0	0	0	0	0	0	0	0	0	0	0	0	0.0	0.0	0.105882406	0.0	0	5
43925	641	323	654	699	10	113	111	155	185	12	0	0	0	0	0	0	0	0	0	0	0	0	0	0	0	0	0.0	0.0	0.0	-0.10588235	0	5
43954	657	333	654	699	10	113	111	155	185	12	0	0	0	0	0	0	0	0	0	0	0	0	0	0	0	0	0.0	0.0	0.0	-0.372549	0	18
43989	641	522	654	699	10	113	111	155	185	12	0	0	0	0	0	0	0	0	0	0	0	0	0	0	0	0	0.0	0.0	0.0	-0.6784314	0	33
44025	661	358	654	699	10	113	111	155	185	12	0	0	0	0	0	0	0	0	0	0	0	0	0	0	0	0	0.12156868	-0.23137254	0.0	-0.78039217	17	39
44055	641	493	654	699	10	113	111	155	185	12	0	0	0	0	0	0	0	0	0	0	0	0	0	0	0	0	0.28627455	-0.85882354	0.0	-0.4588235	57	22
44089	641	442	654	699	10	113	111	155	185	12	0	0	0	0	0	0	0	0	0	0	0	0	0	0	0	0	0.0	-1.0	0.0	0.0	50	0
44125	634	344	654	699	10	113	111	155	185	12	0	0	0	0	0	0	0	0	0	0	0	0	0	0	0	0	-0.35686272	-1.0	0.41960788	0.3411765	32	3
44158	641	205	654	699	10	113	111	155	185	12	0	0	0	0	0	0	0	0	0	0	0	0	0	0	0	0	-0.67058825	-1.0	0.79607844	0.67058825	16	6
44188	638	373	654	699	10	113	111	155	185	12	0	0	0	0	0	0	0	0	0	0	0	0	0	0	0	0	-0.9529412	-1.0	1.0	0.8352941	2	8
44257	641	511	654	699	10	113	111	155	185	12	0	0	0	0	0	0	0	0	0	0	0	0	0	0	0	0	-1.0	-0.7176471	1.0	0.9764706	-15	1
44291	658	202	654	699	10	113	111	155	185	12	0	0	0	0	0	0	0	0	0	0	0	0	0	0	0	0	-1.0	-0.372549	1.0	0.99215686	-32	0
44325	642	542	654	699	10	113	111	155	185	12	0	0	0	0	0	0	0	0	0	0	0	0	0	0	0	0	-0.7019608	-0.23137254	1.0	0.90588236	-24	4
44354	657	155	654	699	10	113	111	155	185	12	0	0	0	0	0	0	0	0	0	0	0	0	0	0	0	0	0.0	0.0	0.79607844	0.58431375	0	10
45187	485	370	330	184	220	160	22	119	218	12	0	0	0	0	0	0	0	0	0	0	0	0	0	0	0	0	0.0	0.0	0.12156868	0.0	0	6
45221	342	380	330	184	220	160	22	119	218	12	0	0	0	0	0	0	0	0	0	0	0	0	0	0	0	0	0.0	0.0	0.27843142	0.0	0	13
45259	475	455	330	184	220	160	22	119	218	12	0	0	0	0	0	0	0	0	0	0	0	0	0	0	0	0	0.0	0.0	0.6862745	-0.41176468	0	54
45287	407	231	330	184	220	160	22	119	218	12	0	0	0	0	0	0	0	0	0	0	0	0	0	0	0	0	0.0	0.0	1.0	-0.8039216	0	90
45321	1068	261	330	184	220	160	22	119	218	12	0	0	0	0	0	0	0	0	0	0	0	0	0	0	0	0	0.0	-0.19999999	1.0	-0.85882354	9	92
45357	938	638	330	184	220	160	22	119	218	12	0	0	0	0	0	0	0	0	0	0	0	0	0	0	0	0	0.0	-0.6313726	1.0	-0.5686275	31	78
45392	675	577	330	184	220	160	22	119	218	12	0	0	0	0	0	0	0	0	0	0	0	0	0	0	0	0	-0.21568626	-1.0	0.654902	0.0	39	32
45421	328	211	330	184	220	160	22	119	218	12	0	0	0	0	0	0	0	0	0	0	0	0	0	0	0	0	-0.21568626	-1.0	0.58431375	0.3411765	39	12
45459	818	251	330	184	220	160	22	119	218	12	0	0	0	0	0	0	0	0	0	0	0	0	0	0	0	0	-0.23137254	-1.0	0.58431375	0.4431373	38	7
45492	861	627	330	184	220	160	22	119	218	12	0	0	0	0	0	0	0	0	0	0	0	0	0	0	0	0	-0.25490195	-0.81960785	0.5764706	0.45882356	28	5
45525	1041	464	330	184	220	160	22	119	218	12	0	0	0	0	0	0	0	0	0	0	0	0	0	0	0	0	0.0	-0.26274508	0.4666667	0.38823533	13	3
45557	359	233	330	184	220	160	22	119	218	12	0	0	0	0	0	0	0	0	0	0	0	0	0	0	0	0	0.0	0.0	0.15294123	0.0	0	7
45589	384	570	330	184	220	160	22	119	218	12	0	0	0	0	0	0	0	0	0	0	0	0	0	0	0	0	0.0	0.0	0.105882406	0.0	0	5
45658	886	274	330	184	220	160	22	119	218	12	0	0	0	0	0	0	0	0	0	0	0	0	0	0	0	0	0.0	0.0	0.0	-0.1372549	0	6
45692	630	377	330	184	220	160	22	119	218	12	0	0	0	0	0	0	0	0	0	0	0	0	0	0	0	0	0.0	0.0	0.0	-0.1372549	0	6
45725	812	441	330	184	220	160	22	119	218	12	0	0	0	0	0	0	0	0	0	0	0	0	0	0	0	0	0.0	0.0	0.0	-0.1372549	0	6
45758	502	711	330	184	220	160	22	119	218	12	0	0	0	0	0	0	0	0	0	0	0	0	0	0	0	0	0.0	0.0	0.0	-0.16862744	0	8
45791	741	321	330	184	220	160	22	119	218	12	0	0	0	0	0	0	0	0	0	0	0	0	0	0	0	0	0.0	0.0	-0.34117645	-0.47450978	0	6
45825	809	416	330	184	220	160	22	119	218	12	0	0	0	0	0	0	0	0	0	0	0	0	0	0	0	0	0.0	0.0	-0.5686275	-0.69411767	0	6
45891	868	547	330	184	220	160	22	119	218	12	0	0	0	0	0	0	0	0	0	0	0	0	0	0	0	0	0.0	0.0	-0.7176471	-0.8509804	0	6
45925	686	728	330	184	220	160	22	119	218	12	0	0	0	0	0	0	0	0	0	0	0	0	0	0	0	0	0.0	0.0	-0.69411767	-0.9137255	0	10
45957	801	247	330	184	220	160	22	119	218	12	0	0	0	0	0	0	0	0	0	0	0	0	0	0	0	0	0.0	0.0	-0.46666664	-0.7411765	0	13
45991	526	389	330	184	220	160	22	119	218	12	0	0	0	0	0	0	0	0	0	0	0	0	0	0	0	0	0.0	0.0	-0.19999999	-0.27058822	0	3
46323	504	170	134	362	170	257	64	176	95	12	0	0	0	0	0	0	0	0	0	0	0	0	0	0	0	0	0.0	0.0	0.0	-0.32549018	0	16
46357	354	19	134	362	170	257	64	176	95	12	0	0	0	0	0	0	0	0	0	0	0	0	0	0	0	0	0.0	0.0	0.0	-0.5921569	0	29
46390	705	225	134	362	170	257	64	176	95	12	0	0	0	0	0	0	0	0	0	0	0	0	0	0	0	0	0.0	0.0	0.0	-0.8117647	0	40
46423	592	800	134	362	170	257	64	176	95	12	0	0	0	0	0	0	0	0	0	0	0	0	0	0	0	0	0.0	0.0	0.0	-0.88235295	0	44
46456	922	95	134	362	170	257	64	176	95	12	0	0	0	0	0	0	0	0	0	0	0	0	0	0	0	0	0.0	0.0	-0.12941176	-0.88235295	0	37
46490	797	290	134	362	170	257	64	176	95	12	0	0	0	0	0	0	0	0	0	0	0	0	0	0	0	0	0.0	0.0	-0.19999999	-0.88235295	0	34
46523	687	519	134	362	170	257	64	176	95	12	0	0	0	0	0	0	0	0	0	0	0	0	0	0	0	0	0.0	-0.12941176	-0.26274508	-0.8509804	6	29
46556	667	425	134	362	170	257	64	176	95	12	0	0	0	0	0	0	0	0	0	0	0	0	0	0	0	0	0.0	-0.16862744	-0.27843136	-0.6156863	8	16
46589	741	92	134	362	170	257	64	176	95	12	0	0	0	0	0	0	0	0	0	0	0	0	0	0	0	0	0.0	-0.372549	-0.1372549	0.0	18	-7
46626	639	0	134	362	170	257	64	176	95	12	0	0	0	0	0	0	0	0	0	0	0	0	0	0	0	0	-0.19215685	-0.58431375	0.0	0.0	19	0
46656	670	606	134	362	170	257	64	176	95	12	0	0	0	0	0	0	0	0	0	0	0	0	0	0	0	0	-0.20784312	-0.6627451	0.0	0.254902	22	-13
46689	708	564	134	362	170	257	64	176	95	12	0	0	0	0	0	0	0	0	0	0	0	0	0	0	0	0	-0.20784312	-0.67058825	0.38823533	0.56078434	23	-9
46722	294	526	134	362	170	257	64	176	95	12	0	0	0	0	0	0	0	0	0	0	0	0	0	0	0	0	0.0	-0.41176468	0.5058824	0.64705884	20	-8
46756	875	164	134	362	170	257	64	176	95	12	0	0	0	0	0	0	0	0	0	0	0	0	0	0	0	0	0.0	-0.14509803	0.4666667	0.30196083	7	8
46789	402	652	134	362	170	257	64	176	95	12	0	0	0	0	0	0	0	0	0	0	0	0	0	0	0	0	0.0	0.0	0.1686275	0.0	0	8
46822	817	381	134	362	170	257	64	176	95	12	0	0	0	0	0	0	0	0	0	0	0	0	0	0	0	0	0.0	0.0	0.0	-0.10588235	0	5
46855	691	270	134	362	170	257	64	176	95	12	0	0	0	0	0	0	0	0	0	0	0	0	0	0	0	0	0.0	0.0	0.0	-0.31764704	0	15
46889	602	558	134	362	170	257	64	176	95	12	0	0	0	0	0	0	0	0	0	0	0	0	0	0	0	0	0.0	0.0	-0.19215685	-0.5686275	0	18
46922	423	695	134	362	170	257	64	176	95	12	0	0	0	0	0	0	0	0	0	0	0	0	0	0	0	0	0.24705887	0.0	-0.38039213	-0.7411765	12	18
46955	535	269	134	362	170	257	64	176	95	12	0	0	0	0	0	0	0	0	0	0	0	0	0	0	0	0	0.4431373	0.0	-0.46666664	-0.78039217	22	15
46992	957	755	134	362	170	257	64	176	95	12	0	0	0	0	0	0	0	0	0	0	0	0	0	0	0	0	0.48235297	0.0	-0.49019605	-0.7882353	24	14
47022	245	666	134	362	170	257	64	176	95	12	0	0	0	0	0	0	0	0	0	0	0	0	0	0	0	0	0.3176471	-0.16862744	-0.5058824	-0.7882353	24	14
47055	864	483	134	362	170	257	64	176	95	12	0	0	0	0	0	0	0	0	0	0	0	0	0	0	0	0	0.0	0.0	-0.5058824	-0.7490196	0	12
47092	937	26	134	362	170	257	64	176	95	12	0	0	0	0	0	0	0	0	0	0	0	0	0	0	0	0	0.0	0.0	-0.21568626	-0.41176468	0	9
47191	471	297	134	362	170	257	64	176	95	12	0	0	0	0	0	0	0	0	0	0	0	0	0	0	0	0	0.0	0.0	0.23921573	0.12941182	0	5
47225	445	360	134	362	170	257	64	176	95	12	0	0	0	0	0	0	0	0	0	0	0	0	0	0	0	0	0.0	0.0	0.5372549	0.27058828	0	13
47254	955	339	134	362	170	257	64	176	95	12	0	0	0	0	0	0	0	0	0	0	0	0	0	0	0	0	0.0	0.0	0.6627451	0.3411765	0	16
47288	671	733	134	362	170	257	64	176	95	12	0	0	0	0	0	0	0	0	0	0	0	0	0	0	0	0	0.0	-0.29411763	0.7019608	0.35686278	14	17
47325	565	237	134	362	170	257	64	176	95	12	0	0	0	0	0	0	0	0	0	0	0	0	0	0	0	0	-0.23137254	-0.47450978	0.7019608	0.35686278	12	17
47357	736	112	134	362	170	257	64	176	95	12	0	0	0	0	0	0	0	0	0	0	0	0	0	0	0	0	-0.3098039	-0.5921569	0.43529415	0.35686278	14	3
47389	364	657	134	362	170	257	64	176	95	12	0	0	0	0	0	0	0	0	0	0	0	0	0	0	0	0	-0.32549018	-0.5921569	0.0	0.0	13	0
47424	812	421	134	362	170	257	64	176	95	12	0	0	0	0	0	0	0	0	0	0	0	0	0	0	0	0	-0.1372549	-0.26274508	0.0	0.0	6	0
47757	276	390	443	663	224	6	163	120	252	12	0	0	0	0	0	0	0	0	0	0	0	0	0	0	0	0	0.0	0.0	-0.36470586	-0.27843136	0	-5
47791	586	394	443	663	224	6	163	120	252	12	0	0	0	0	0	0	0	0	0	0	0	0	0	0	0	0	0.0	0.0	-0.4823529	-0.32549018	0	-8
47821	444	392	443	663	224	6	163	120	252	12	0	0	0	0	0	0	0	0	0	0	0	0	0	0	0	0	0.0	0.0	-0.4823529	-0.32549018	0	-8
47858	583	407	443	663	224	6	163	120	252	12	0	0	0	0	0	0	0	0	0	0	0	0	0	0	0	0	0.0	0.0	-0.38823527	-0.27058822	0	-6
47958	744	397	443	663	224	6	163	120	252	12	0	0	0	0	0	0	0	0	0	0	0	0	0	0	0	0	0.0	-0.15294117	0.0	0.0	7	0
47987	882	404	443	663	224	6	163	120	252	12	0	0	0	0	0	0	0	0	0	0	0	0	0	0	0	0	0.0	-0.17647058	0.0	0.0	8	0
48021	807	404	443	663	224	6	163	120	252	12	0	0	0	0	0	0	0	0	0	0	0	0	0	0	0	0	0.0	-0.27843136	0.0	0.0	13	0
48059	812	402	443	663	224	6	163	120	252	12	0	0	0	0	0	0	0	0	0	0	0	0	0	0	0	0	0.0	-0.27843136	0.0	0.0	13	0
48090	917	407	443	663	224	6	163	120	252	12	0	0	0	0	0	0	0	0	0	0	0	0	0	0	0	0	0.0	-0.2235294	0.0	0.0	11	0
48124	1071	396	443	663	224	6	163	120	252	12	0	0	0	0	0	0	0	0	0	0	0	0	0	0	0	0	0.0	-0.12941176	0.0	0.0	6	0
48189	654	407	443	663	224	6	163	120	252	12	0	0	0	0	0	0	0	0	0	0	0	0	0	0	0	0	0.0	-0.15294117	0.0	0.0	7	0
48225	741	409	443	663	224	6	163	120	252	12	0	0	0	0	0	0	0	0	0	0	0	0	0	0	0	0	0.0	-0.5058824	0.0	0.0	25	0
48257	447	405	443	663	224	6	163	120	252	12	0	0	0	0	0	0	0	0	0	0	0	0	0	0	0	0	0.0	-0.6862745	0.0	0.0	34	0
48292	654	404	443	663	224	6	163	120	252	12	0	0	0	0	0	0	0	0	0	0	0	0	0	0	0	0	0.0	-0.6313726	0.0	0.0	31	0
48324	556	394	443	663	224	6	163	120	252	12	0	0	0	0	0	0	0	0	0	0	0	0	0	0	0	0	0.0	-0.36470586	0.0	0.0	18	0
51158	650	273	196	837	80	98	142	30	32	72	0	0	0	0	0	0	0	0	0	0	0	0	0	0	0	0	0.0	-0.2235294	0.0	0.0	11	0
51189	734	556	196	837	80	98	142	30	32	72	0	0	0	0	0	0	0	0	0	0	0	0	0	0	0	0	0.14509809	-0.7254902	-0.1607843	-0.16862744	43	0
51223	834	484	196	837	80	98	142	30	32	72	0	0	0	0	0	0	0	0	0	0	0	0	0	0	0	0	0.0	-1.0	-0.4823529	-0.654902	50	8
51258	696	421	196	837	80	98	142	30	32	72	0	0	0	0	0	0	0	0	0	0	0	0	0	0	0	0	-0.10588235	-1.0	-0.5529412	-0.8509804	44	14
51289	605	303	196	837	80	98	142	30	32	72	0	0	0	0	0	0	0	0	0	0	0	0	0	0	0	0	-0.12941176	-1.0	-0.41960782	-0.94509804	43	26
51322	672	519	196	837	80	98	142	30	32	72	0	0	0	0	0	0	0	0	0	0	0	0	0	0	0	0	0.0	-0.6156863	-0.31764704	-0.92156863	30	30
51356	644	281	196	837	80	98	142	30	32	72	0	0	0	0	0	0	0	0	0	0	0	0	0	0	0	0	0.0	0.0	-0.1372549	-0.4352941	0	14
51555	722	305	196	837	80	98	142	30	32	72	0	0	0	0	0	0	0	0	0	0	0	0	0	0	0	0	0.0	-0.14509803	0.0	0.0	7	0
51588	748	354	196	837	80	98	142	30	32	72	0	0	0	0	0	0	0	0	0	0	0	0	0	0	0	0	0.0	-0.2235294	0.0	0.0	11	0
51622	740	417	196	837	80	98	142	30	32	72	0	0	0	0	0	0	0	0	0	0	0	0	0	0	0	0	-0.15294117	-0.42745095	0.0	0.0	13	0
51655	864	399	196	837	80	98	142	30	32	72	0	0	0	0	0	0	0	0	0	0	0	0	0	0	0	0	-0.27843136	-0.58431375	0.0	0.0	15	0
51688	725	441	196	837	80	98	142	30	32	72	0	0	0	0	0	0	0	0	0	0	0	0	0	0	0	0	-0.2862745	-0.4980392	0.0	0.0	10	0
51755	749	296	196	837	80	98	142	30	32	72	0	0	0	0	0	0	0	0	0	0	0	0	0	0	0	0	-0.17647058	-0.12941176	0.0	0.0	-3	0
51788	685	517	196	837	80	98	142	30	32	72	0	0	0	0	0	0	0	0	0	0	0	0	0	0	0	0	-0.17647058	0.0	0.0	0.0	-9	0
51820	774	414	196	837	80	98	142	30	32	72	0	0	0	0	0	0	0	0	0	0	0	0	0	0	0	0	-0.1607843	0.0	0.0	0.0	-9	0
51858	554	425	196	837	80	98	142	30	32	72	0	0	0	0	0	0	0	0	0	0	0	0	0	0	0	0	-0.12941176	0.0	0.0	0.0	-7	0
51892	578	390	196	837	80	98	142	30	32	72	0	0	0	0	0	0	0	0	0	0	0	0	0	0	0	0	-0.12941176	0.0	0.0	0.0	-7	0
51921	643	155	196	837	80	98	142	30	32	72	0	0	0	0	0	0	0	0	0	0	0	0	0	0	0	0	-0.12941176	0.0	0.0	0.0	-7	0
51954	770	471	196	837	80	98	142	30	32	72	0	0	0	0	0	0	0	0	0	0	0	0	0	0	0	0	-0.15294117	0.16078436	0.0	0.0	-16	0
51987	660	278	196	837	80	98	142	30	32	72	0	0	0	0	0	0	0	0	0	0	0	0	0	0	0	0	-0.18431371	0.43529415	0.0	0.0	-31	0
52020	616	347	196	837	80	98	142	30	32	72	0	0	0	0	0	0	0	0	0	0	0	0	0	0	0	0	-0.21568626	0.5921569	0.0	0.0	-41	0
52054	783	469	196	837	80	98	142	30	32	72	0	0	0	0	0	0	0	0	0	0	0	0	0	0	0	0	-0.21568626	0.5921569	0.0	0.0	-41	0
52090	714	437	196	837	80	98	142	30	32	72	0	0	0	0	0	0	0	0	0	0	0	0	0	0	0	0	-0.21568626	0.52156866	0.0	-0.10588235	-37	5
52121	646	462	196	837	80	98	142	30	32	72	0	0	0	0	0	0	0	0	0	0	0	0	0	0	0	0	-0.21568626	0.36470592	0.0	-0.12156862	-30	6
52158	624	298	196	837	80	98	142	30	32	72	0	0	0	0	0	0	0	0	0	0	0	0	0	0	0	0	-0.23137254	0.17647064	0.0	-0.1372549	-21	6
52187	624	416	196	837	80	98	142	30	32	72	0	0	0	0	0	0	0	0	0	0	0	0	0	0	0	0	-0.1372549	0.0	0.0	-0.1372549	-7	6
52222	610	535	196	837	80	98	142	30	32	72	0	0	0	0	0	0	0	0	0	0	0	0	0	0	0	0	-0.12941176	0.0	0.0	-0.1372549	-7	6
52258	686	357	196	837	80	98	142	30	32	72	0	0	0	0	0	0	0	0	0	0	0	0	0	0	0	0	-0.11372548	0.0	0.0	-0.1372549	-6	6
52292	502	239	196	837	80	98	142	30	32	72	0	0	0	0	0	0	0	0	0	0	0	0	0	0	0	0	-0.11372548	0.0	0.0	0.0	-6	0
52326	789	337	196	837	80	98	142	30	32	72	0	0	0	0	0	0	0	0	0	0	0	0	0	0	0	0	-0.10588235	0.0	0.0	0.0	-6	0
54022	645	506	766	327	80	98	142	30	32	72	0	0	0	0	0	0	0	0	0	0	0	0	0	0	0	0	0.0	0.0	-0.31764704	-0.14509803	0	-9
54055	771	258	766	327	80	98	142	30	32	72	0	0	0	0	0	0	0	0	0	0	0	0	0	0	0	0	0.0	0.0	-0.79607844	-0.42745095	0	-19
54088	601	208	766	327	80	98	142	30	32	72	0	0	0	0	0	0	0	0	0	0	0	0	0	0	0	0	0.0	0.0	-1.0	-0.88235295	0	-6
54155	678	513	766	327	80	98	142	30	32	72	0	0	0	0	0	0	0	0	0	0	0	0	0	0	0	0	0.0	0.0	-0.8980392	-0.99215686	0	4
54188	711	407	766	327	80	98	142	30	32	72	0	0	0	0	0	0	0	0	0	0	0	0	0	0	0	0	0.0	0.0	-0.41960782	-0.99215686	0	28
55921	732	370	258	431	261	192	72	40	188	72	0	0	0	0	0	0	0	0	0	0	0	0	0	0	0	0	-0.52156866	-0.4823529	0.0	-0.16862744	-2	8
55956	1003	347	258	431	261	192	72	40	188	72	0	0	0	0	0	0	0	0	0	0	0	0	0	0	0	0	-0.94509804	-0.827451	-0.12941176	-0.31764704	-6	9
55988	1218	138	258	431	261	192	72	40	188	72	0	0	0	0	0	0	0	0	0	0	0	0	0	0	0	0	-0.9764706	-0.8039216	-0.15294117	-0.3490196	-9	9
56024	701	336	258	431	261	192	72	40	188	72	0	0	0	0	0	0	0	0	0	0	0	0	0	0	0	0	-0.56078434	-0.45098037	-0.19215685	-0.30196077	-6	5
56090	487	396	258	431	261	192	72	40	188	72	0	0	0	0	0	0	0	0	0	0	0	0	0	0	0	0	0.0	0.0	0.0	0.2313726	0	-12
56124	866	488	258	431	261	192	72	40	188	72	0	0	0	0	0	0	0	0	0	0	0	0	0	0	0	0	0.0	0.0	0.32549024	0.6313726	0	-16
56156	571	134	258	431	261	192	72	40	188	72	0	0	0	0	0	0	0	0	0	0	0	0	0	0	0	0	0.0	-0.14509803	0.5137255	0.8039216	7	-15
56188	437	445	258	431	261	192	72	40	188	72	0	0	0	0	0	0	0	0	0	0	0	0	0	0	0	0	0.0	-0.34117645	0.58431375	0.9607843	17	-19
56224	215	264	258	431	261	192	72	40	188	72	0	0	0	0	0	0	0	0	0	0	0	0	0	0	0	0	-0.15294117	-0.60784316	0.6	0.9764706	22	-19
56257	802	661	258	431	261	192	72	40	188	72	0	0	0	0	0	0	0	0	0	0	0	0	0	0	0	0	-0.47450978	-1.0	0.4431373	0.90588236	26	-24
56290	804	338	258	431	261	192	72	40	188	72	0	0	0	0	0	0	0	0	0	0	0	0	0	0	0	0	-0.5294118	-1.0	0.12156868	0.33333337	23	-11
56324	1280	232	258	431	261	192	72	40	188	72	0	0	0	0	0	0	0	0	0	0	0	0	0	0	0	0	-0.40392154	-0.34117645	0.0	0.0	-4	0
56355	756	435	258	431	261	192	72	40	188	72	0	0	0	0	0	0	0	0	0	0	0	0	0	0	0	0	-0.11372548	0.0	0.0	0.0	-6	0
56756	721	328	679	642	255	282	100	84	151	72	0	0	0	0	0	0	0	0	0	0	0	0	0	0	0	0	-0.10588235	0.0	0.0	0.0	-6	0
56788	678	800	679	642	255	282	100	84	151	72	0	0	0	0	0	0	0	0	0	0	0	0	0	0	0	0	-0.11372548	0.0	0.0	-0.10588235	-6	5
56820	571	474	679	642	255	282	100	84	151	72	0	0	0	0	0	0	0	0	0	0	0	0	0	0	0	0	-0.1607843	0.0	-0.15294117	-0.21568626	-9	3
56856	584	444	679	642	255	282	100	84	151	72	0	0	0	0	0	0	0	0	0	0	0	0	0	0	0	0	-0.2862745	0.0	-0.19215685	-0.23137254	-15	1
56889	667	0	679	642	255	282	100	84	151	72	0	0	0	0	0	0	0	0	0	0	0	0	0	0	0	0	-0.62352943	0.0	-0.19215685	-0.23137254	-32	1
56921	1266	623	679	642	255	282	100	84	151	72	0	0	0	0	0	0	0	0	0	0	0	0	0	0	0	0	-0.67058825	0.0	-0.19215685	-0.23137254	-34	1
56955	177	462	679	642	255	282	100	84	151	72	0	0	0	0	0	0	0	0	0	0	0	0	0	0	0	0	-0.4352941	0.19215691	-0.1372549	-0.16862744	-32	1
56988	1038	222	679	642	255	282	100	84	151	72	0	0	0	0	0	0	0	0	0	0	0	0	0	0	0	0	-0.15294117	0.0	0.0	0.0	-8	0
57022	1051	126	679	642	255	282	100	84	151	72	0	0	0	0	0	0	0	0	0	0	0	0	0	0	0	0	0.0	0.0	0.0	0.14509809	0	-8
57055	489	120	679	642	255	282	100	84	151	72	0	0	0	0	0	0	0	0	0	0	0	0	0	0	0	0	0.0	0.0	0.0	0.2313726	0	-12
57088	880	725	679	642	255	282	100	84	151	72	0	0	0	0	0	0	0	0	0	0	0	0	0	0	0	0	0.0	0.0	0.0	0.3176471	0	-16
57124	540	182	679	642	255	282	100	84	151	72	0	0	0	0	0	0	0	0	0	0	0	0	0	0	0	0	0.0	-0.11372548	0.12941182	0.427451	5	-15
57155	530	0	679	642	255	282	100	84	151	72	0	0	0	0	0	0	0	0	0	0	0	0	0	0	0	0	0.0	-0.12156862	0.14509809	0.47450984	6	-17
57188	665	389	679	642	255	282	100	84	151	72	0	0	0	0	0	0	0	0	0	0	0	0	0	0	0	0	0.0	-0.18431371	0.14509809	0.47450984	9	-17
57221	499	531	679	642	255	282	100	84	151	72	0	0	0	0	0	0	0	0	0	0	0	0	0	0	0	0	0.0	-0.23921567	0.105882406	0.427451	11	-17
57255	327	37	679	642	255	282	100	84	151	72	0	0	0	0	0	0	0	0	0	0	0	0	0	0	0	0	0.0	-0.23921567	0.0	0.18431377	11	-10
57288	658	218	679	642	255	282	100	84	151	72	0	0	0	0	0	0	0	0	0	0	0	0	0	0	0	0	0.0	-0.23921567	0.0	0.11372554	11	-6
57321	50	228	679	642	255	282	100	84	151	72	0	0	0	0	0	0	0	0	0	0	0	0	0	0	0	0	0.0	-0.25490195	0.0	0.11372554	12	-6
57354	503	398	679	642	255	282	100	84	151	72	0	0	0	0	0	0	0	0	0	0	0	0	0	0	0	0	0.0	-0.25490195	0.0	0.0	12	0
